[gd_resource type="ArrayMesh" load_steps=5 format=2]

[ext_resource path="res://assets/weaponpack_assets/Models/Gray8.material" type="Material" id=3]
[ext_resource path="res://assets/weaponpack_assets/Models/FrontColor.material" type="Material" id=4]
[ext_resource path="res://assets/weaponpack_assets/Models/Gray5.material" type="Material" id=5]
[ext_resource path="res://assets/weaponpack_assets/Models/Gray6.material" type="Material" id=7]

[resource]
surfaces/0 = {
"aabb": AABB( -0.0039, -0.0207, -0.0264, 0.00781, 0.0198, 0.0162 ),
"array_data": PoolByteArray( 36, 151, 127, 59, 12, 147, 169, 188, 208, 68, 216, 188, 0, 129, 129, 63, 131, 197, 214, 206, 36, 151, 127, 187, 12, 147, 169, 188, 208, 68, 216, 188, 0, 129, 129, 63, 76, 182, 214, 206, 36, 151, 127, 59, 12, 147, 169, 188, 250, 237, 107, 188, 0, 129, 129, 63, 131, 197, 222, 204, 36, 151, 127, 187, 12, 147, 169, 188, 250, 237, 107, 188, 0, 129, 129, 63, 76, 182, 222, 204, 36, 151, 127, 187, 12, 147, 169, 188, 208, 68, 216, 188, 152, 127, 129, 63, 76, 182, 244, 68, 36, 151, 127, 59, 12, 147, 169, 188, 208, 68, 216, 188, 152, 127, 129, 63, 131, 197, 244, 68, 36, 151, 127, 187, 250, 237, 107, 186, 198, 220, 181, 188, 152, 127, 129, 63, 76, 182, 41, 200, 36, 151, 127, 59, 250, 237, 107, 186, 198, 220, 181, 188, 152, 127, 129, 63, 131, 197, 41, 200, 36, 151, 127, 187, 250, 237, 107, 186, 231, 29, 39, 188, 129, 0, 0, 63, 109, 204, 250, 202, 36, 151, 127, 187, 12, 147, 169, 188, 250, 237, 107, 188, 129, 0, 0, 63, 30, 205, 191, 187, 36, 151, 127, 187, 250, 237, 107, 186, 198, 220, 181, 188, 129, 0, 0, 63, 101, 206, 250, 202, 36, 151, 127, 187, 12, 147, 169, 188, 208, 68, 216, 188, 129, 0, 0, 63, 22, 207, 191, 187, 82, 73, 29, 187, 221, 181, 4, 188, 220, 35, 64, 188, 0, 234, 126, 63, 131, 61, 33, 197, 36, 151, 127, 187, 12, 147, 169, 188, 250, 237, 107, 188, 0, 234, 126, 63, 76, 54, 165, 66, 36, 151, 127, 187, 250, 237, 107, 186, 231, 29, 39, 188, 0, 234, 126, 63, 76, 54, 250, 200, 82, 73, 29, 59, 221, 181, 4, 188, 220, 35, 64, 188, 0, 234, 126, 63, 135, 68, 33, 197, 36, 151, 127, 59, 12, 147, 169, 188, 250, 237, 107, 188, 0, 234, 126, 63, 131, 69, 165, 66, 36, 151, 127, 59, 250, 237, 107, 186, 231, 29, 39, 188, 0, 234, 126, 63, 131, 69, 250, 200, 36, 151, 127, 59, 250, 237, 107, 186, 198, 220, 181, 188, 127, 0, 127, 127, 101, 78, 250, 202, 36, 151, 127, 59, 12, 147, 169, 188, 208, 68, 216, 188, 127, 0, 127, 127, 22, 79, 191, 187, 36, 151, 127, 59, 250, 237, 107, 186, 231, 29, 39, 188, 127, 0, 127, 127, 109, 76, 250, 202, 36, 151, 127, 59, 12, 147, 169, 188, 250, 237, 107, 188, 127, 0, 127, 127, 30, 77, 191, 187 ),
"array_index_data": PoolByteArray( 0, 0, 1, 0, 2, 0, 2, 0, 1, 0, 3, 0, 4, 0, 5, 0, 6, 0, 6, 0, 5, 0, 7, 0, 8, 0, 9, 0, 10, 0, 10, 0, 9, 0, 11, 0, 12, 0, 13, 0, 14, 0, 13, 0, 12, 0, 15, 0, 15, 0, 16, 0, 13, 0, 16, 0, 15, 0, 17, 0, 18, 0, 19, 0, 20, 0, 20, 0, 19, 0, 21, 0 ),
"blend_shape_data": [  ],
"format": 2194711,
"index_count": 36,
"material": ExtResource( 3 ),
"name": "Gray8",
"primitive": 4,
"skeleton_aabb": [  ],
"vertex_count": 22
}
surfaces/1 = {
"aabb": AABB( -0.0039, -0.0009, -0.0222, 0.0078, 1e-05, 0.012 ),
"array_data": PoolByteArray( 36, 151, 127, 187, 250, 237, 107, 186, 198, 220, 181, 188, 0, 129, 129, 63, 76, 182, 37, 206, 36, 151, 127, 187, 250, 237, 107, 186, 231, 29, 39, 188, 0, 129, 129, 63, 76, 182, 45, 204, 36, 151, 127, 59, 250, 237, 107, 186, 198, 220, 181, 188, 0, 129, 129, 63, 131, 197, 37, 206, 36, 151, 127, 59, 250, 237, 107, 186, 231, 29, 39, 188, 0, 129, 129, 63, 131, 197, 45, 204 ),
"array_index_data": PoolByteArray( 0, 0, 1, 0, 2, 0, 2, 0, 1, 0, 3, 0 ),
"blend_shape_data": [  ],
"format": 2194711,
"index_count": 6,
"material": ExtResource( 4 ),
"name": "FrontColor",
"primitive": 4,
"skeleton_aabb": [  ],
"vertex_count": 4
}
surfaces/2 = {
"aabb": AABB( -0.0045, -0.0009, -0.0222, 0.009, 1e-05, 0.020468 ),
"array_data": PoolByteArray( 188, 116, 147, 187, 250, 237, 107, 186, 40, 84, 228, 186, 0, 129, 130, 63, 0, 0, 149, 201, 36, 151, 127, 187, 250, 237, 107, 186, 231, 29, 39, 188, 0, 129, 130, 63, 76, 182, 45, 204, 36, 151, 127, 187, 250, 237, 107, 186, 198, 220, 181, 188, 0, 129, 130, 63, 76, 182, 37, 206, 82, 73, 29, 187, 250, 237, 107, 186, 104, 124, 25, 187, 0, 129, 129, 63, 131, 189, 199, 201, 188, 116, 147, 59, 250, 237, 107, 186, 40, 84, 228, 186, 0, 129, 129, 63, 231, 197, 149, 201, 82, 73, 29, 59, 250, 237, 107, 186, 104, 124, 25, 187, 0, 129, 129, 63, 135, 196, 199, 201 ),
"array_index_data": PoolByteArray( 0, 0, 1, 0, 2, 0, 0, 0, 3, 0, 1, 0, 3, 0, 0, 0, 4, 0, 3, 0, 4, 0, 5, 0 ),
"blend_shape_data": [  ],
"format": 2194711,
"index_count": 12,
"material": ExtResource( 7 ),
"name": "Gray6",
"primitive": 4,
"skeleton_aabb": [  ],
"vertex_count": 6
}
surfaces/3 = {
"aabb": AABB( -0.0024, -0.0081, -0.0117273, 0.0048, 0.00721, 0.00939529 ),
"array_data": PoolByteArray( 82, 73, 29, 187, 250, 237, 107, 186, 104, 124, 25, 187, 0, 0, 127, 63, 131, 61, 250, 202, 82, 73, 29, 59, 250, 237, 107, 186, 104, 124, 25, 187, 0, 0, 127, 63, 135, 68, 250, 202, 82, 73, 29, 187, 221, 181, 4, 188, 104, 124, 25, 187, 0, 0, 127, 63, 131, 61, 158, 200, 82, 73, 29, 59, 221, 181, 4, 188, 104, 124, 25, 187, 0, 0, 127, 63, 135, 68, 158, 200, 82, 73, 29, 187, 59, 112, 206, 187, 122, 226, 57, 188, 129, 0, 0, 63, 157, 204, 53, 201, 82, 73, 29, 187, 59, 112, 206, 187, 179, 185, 135, 187, 129, 0, 0, 63, 222, 202, 53, 201, 82, 73, 29, 187, 221, 181, 4, 188, 220, 35, 64, 188, 129, 0, 0, 63, 173, 204, 158, 200, 82, 73, 29, 187, 221, 181, 4, 188, 104, 124, 25, 187, 129, 0, 0, 63, 71, 202, 158, 200, 82, 73, 29, 187, 250, 237, 107, 186, 104, 124, 25, 187, 129, 0, 0, 63, 71, 202, 250, 202, 82, 73, 29, 187, 250, 237, 107, 186, 179, 185, 135, 187, 129, 0, 0, 63, 222, 202, 250, 202, 82, 73, 29, 59, 59, 112, 206, 187, 122, 226, 57, 188, 0, 127, 127, 63, 135, 68, 93, 204, 82, 73, 29, 59, 59, 112, 206, 187, 179, 185, 135, 187, 0, 127, 127, 63, 135, 68, 94, 202, 82, 73, 29, 187, 59, 112, 206, 187, 122, 226, 57, 188, 0, 127, 127, 63, 131, 61, 93, 204, 82, 73, 29, 187, 59, 112, 206, 187, 179, 185, 135, 187, 0, 127, 127, 63, 131, 61, 94, 202, 82, 73, 29, 59, 221, 181, 4, 188, 220, 35, 64, 188, 127, 0, 127, 127, 173, 76, 158, 200, 82, 73, 29, 59, 221, 181, 4, 188, 104, 124, 25, 187, 127, 0, 127, 127, 71, 74, 158, 200, 82, 73, 29, 59, 59, 112, 206, 187, 122, 226, 57, 188, 127, 0, 127, 127, 157, 76, 53, 201, 82, 73, 29, 59, 59, 112, 206, 187, 179, 185, 135, 187, 127, 0, 126, 127, 222, 74, 53, 201, 82, 73, 29, 59, 250, 237, 107, 186, 179, 185, 135, 187, 127, 0, 127, 127, 222, 74, 250, 202, 82, 73, 29, 59, 250, 237, 107, 186, 104, 124, 25, 187, 127, 0, 127, 127, 71, 74, 250, 202, 82, 73, 29, 187, 221, 181, 4, 188, 220, 35, 64, 188, 0, 129, 129, 63, 131, 189, 109, 204, 82, 73, 29, 187, 221, 181, 4, 188, 104, 124, 25, 187, 0, 129, 129, 63, 131, 189, 199, 201, 82, 73, 29, 59, 221, 181, 4, 188, 220, 35, 64, 188, 0, 129, 129, 63, 135, 196, 109, 204, 82, 73, 29, 59, 221, 181, 4, 188, 104, 124, 25, 187, 0, 129, 129, 63, 135, 196, 199, 201 ),
"array_index_data": PoolByteArray( 0, 0, 1, 0, 2, 0, 2, 0, 1, 0, 3, 0, 4, 0, 5, 0, 6, 0, 6, 0, 5, 0, 7, 0, 7, 0, 5, 0, 8, 0, 8, 0, 5, 0, 9, 0, 10, 0, 11, 0, 12, 0, 12, 0, 11, 0, 13, 0, 14, 0, 15, 0, 16, 0, 16, 0, 15, 0, 17, 0, 17, 0, 15, 0, 18, 0, 18, 0, 15, 0, 19, 0, 20, 0, 21, 0, 22, 0, 22, 0, 21, 0, 23, 0 ),
"blend_shape_data": [  ],
"format": 2194711,
"index_count": 42,
"material": ExtResource( 5 ),
"name": "Gray5",
"primitive": 4,
"skeleton_aabb": [  ],
"vertex_count": 24
}
surfaces/4 = {
"aabb": AABB( -0.0024, -0.0081, -0.0117273, 0.00481, 0.0018, 0.000381799 ),
"array_data": PoolByteArray( 82, 73, 29, 59, 221, 181, 4, 188, 220, 35, 64, 188, 0, 234, 127, 63, 135, 68, 33, 197, 82, 73, 29, 187, 221, 181, 4, 188, 220, 35, 64, 188, 0, 234, 127, 63, 131, 61, 33, 197, 82, 73, 29, 59, 59, 112, 206, 187, 122, 226, 57, 188, 0, 234, 127, 63, 135, 68, 86, 198, 82, 73, 29, 187, 59, 112, 206, 187, 122, 226, 57, 188, 0, 234, 127, 63, 131, 61, 86, 198 ),
"array_index_data": PoolByteArray( 0, 0, 1, 0, 2, 0, 2, 0, 1, 0, 3, 0 ),
"blend_shape_data": [  ],
"format": 2194711,
"index_count": 6,
"material": ExtResource( 7 ),
"name": "Gray6",
"primitive": 4,
"skeleton_aabb": [  ],
"vertex_count": 4
}
surfaces/5 = {
"aabb": AABB( -0.0039, -0.0081, -0.0117273, 0.00781, 0.00721, 0.0015373 ),
"array_data": PoolByteArray( 36, 151, 127, 59, 250, 237, 107, 186, 231, 29, 39, 188, 0, 234, 126, 63, 131, 69, 250, 200, 82, 73, 29, 59, 221, 181, 4, 188, 220, 35, 64, 188, 0, 234, 126, 63, 135, 68, 33, 197, 82, 73, 29, 59, 59, 112, 206, 187, 122, 226, 57, 188, 0, 234, 126, 63, 135, 68, 86, 198, 82, 73, 29, 187, 59, 112, 206, 187, 122, 226, 57, 188, 0, 234, 126, 63, 131, 61, 86, 198, 36, 151, 127, 187, 250, 237, 107, 186, 231, 29, 39, 188, 0, 234, 126, 63, 76, 54, 250, 200, 82, 73, 29, 187, 221, 181, 4, 188, 220, 35, 64, 188, 0, 234, 126, 63, 131, 61, 33, 197 ),
"array_index_data": PoolByteArray( 0, 0, 1, 0, 2, 0, 0, 0, 2, 0, 3, 0, 3, 0, 4, 0, 0, 0, 5, 0, 4, 0, 3, 0 ),
"blend_shape_data": [  ],
"format": 2194711,
"index_count": 12,
"material": ExtResource( 3 ),
"name": "Gray8",
"primitive": 4,
"skeleton_aabb": [  ],
"vertex_count": 6
}
surfaces/6 = {
"aabb": AABB( -0.0045, -0.0045, -0.0228, 0.009, 0.015, 0.0372 ),
"array_data": PoolByteArray( 82, 73, 29, 187, 250, 237, 107, 186, 179, 185, 135, 187, 0, 129, 129, 63, 131, 189, 94, 202, 36, 151, 127, 59, 250, 237, 107, 186, 231, 29, 39, 188, 0, 129, 129, 63, 131, 197, 45, 204, 36, 151, 127, 187, 250, 237, 107, 186, 231, 29, 39, 188, 0, 129, 129, 63, 76, 182, 45, 204, 82, 73, 29, 59, 250, 237, 107, 186, 179, 185, 135, 187, 0, 129, 130, 63, 135, 196, 94, 202, 82, 73, 29, 59, 250, 237, 107, 186, 104, 124, 25, 187, 0, 129, 130, 63, 135, 196, 199, 201, 188, 116, 147, 59, 250, 237, 107, 186, 40, 84, 228, 186, 0, 129, 129, 63, 231, 197, 149, 201, 188, 116, 147, 59, 250, 237, 107, 186, 17, 199, 186, 188, 0, 129, 129, 63, 231, 197, 62, 206, 36, 151, 127, 59, 250, 237, 107, 186, 198, 220, 181, 188, 0, 129, 130, 63, 131, 197, 37, 206, 208, 68, 88, 59, 250, 237, 107, 186, 17, 199, 186, 188, 0, 129, 129, 63, 30, 197, 62, 206, 208, 68, 88, 187, 250, 237, 107, 186, 17, 199, 186, 188, 0, 129, 129, 63, 76, 186, 62, 206, 36, 151, 127, 187, 250, 237, 107, 186, 198, 220, 181, 188, 0, 129, 129, 63, 76, 182, 37, 206, 188, 116, 147, 187, 250, 237, 107, 186, 17, 199, 186, 188, 0, 129, 129, 63, 0, 0, 62, 206, 188, 116, 147, 187, 250, 237, 107, 186, 40, 84, 228, 186, 0, 129, 129, 63, 0, 0, 149, 201, 188, 116, 147, 187, 49, 8, 44, 60, 17, 199, 186, 188, 129, 0, 0, 63, 126, 206, 92, 205, 188, 116, 147, 187, 250, 237, 107, 186, 40, 84, 228, 186, 129, 0, 0, 63, 21, 202, 250, 202, 188, 116, 147, 187, 250, 237, 107, 186, 17, 199, 186, 188, 129, 0, 0, 63, 126, 206, 250, 202, 188, 116, 147, 187, 114, 138, 14, 60, 177, 124, 44, 58, 129, 0, 0, 63, 75, 201, 16, 205, 188, 116, 147, 187, 114, 138, 14, 60, 101, 25, 98, 60, 129, 0, 0, 63, 223, 191, 16, 205, 188, 116, 147, 187, 49, 8, 44, 60, 250, 237, 107, 60, 129, 0, 0, 63, 76, 190, 92, 205, 188, 116, 147, 187, 188, 116, 147, 187, 250, 237, 107, 60, 129, 0, 0, 63, 76, 190, 204, 201, 188, 116, 147, 187, 250, 237, 107, 59, 101, 25, 98, 60, 129, 0, 0, 63, 223, 191, 58, 204, 188, 116, 147, 187, 188, 116, 147, 187, 40, 84, 228, 186, 129, 0, 0, 63, 21, 202, 204, 201, 188, 116, 147, 187, 250, 237, 107, 59, 177, 124, 44, 58, 129, 0, 0, 63, 75, 201, 58, 204 ),
"array_index_data": PoolByteArray( 0, 0, 1, 0, 2, 0, 1, 0, 0, 0, 3, 0, 1, 0, 3, 0, 4, 0, 4, 0, 5, 0, 1, 0, 1, 0, 5, 0, 6, 0, 6, 0, 7, 0, 1, 0, 8, 0, 7, 0, 6, 0, 9, 0, 7, 0, 8, 0, 9, 0, 10, 0, 7, 0, 11, 0, 10, 0, 9, 0, 10, 0, 11, 0, 12, 0, 13, 0, 14, 0, 15, 0, 13, 0, 16, 0, 14, 0, 13, 0, 17, 0, 16, 0, 18, 0, 17, 0, 13, 0, 17, 0, 18, 0, 19, 0, 19, 0, 20, 0, 17, 0, 20, 0, 19, 0, 21, 0, 20, 0, 21, 0, 22, 0 ),
"blend_shape_data": [  ],
"format": 2194711,
"index_count": 57,
"material": ExtResource( 7 ),
"name": "Gray6",
"primitive": 4,
"skeleton_aabb": [  ],
"vertex_count": 23
}
surfaces/7 = {
"aabb": AABB( -0.0045, 0.0036, 0.000657986, 0.0006, 0.0051, 0.013152 ),
"array_data": PoolByteArray( 188, 116, 147, 187, 250, 237, 107, 59, 101, 25, 98, 60, 0, 127, 127, 63, 0, 0, 191, 187, 188, 116, 147, 187, 250, 237, 107, 59, 177, 124, 44, 58, 0, 127, 127, 63, 0, 0, 203, 200, 36, 151, 127, 187, 250, 237, 107, 59, 101, 25, 98, 60, 0, 127, 127, 63, 76, 54, 191, 187, 36, 151, 127, 187, 250, 237, 107, 59, 177, 124, 44, 58, 0, 127, 127, 63, 76, 54, 203, 200, 188, 116, 147, 187, 114, 138, 14, 60, 101, 25, 98, 60, 127, 127, 129, 63, 0, 0, 16, 205, 188, 116, 147, 187, 250, 237, 107, 59, 101, 25, 98, 60, 127, 127, 129, 63, 0, 0, 58, 204, 36, 151, 127, 187, 114, 138, 14, 60, 101, 25, 98, 60, 127, 127, 129, 63, 76, 182, 16, 205, 36, 151, 127, 187, 250, 237, 107, 59, 101, 25, 98, 60, 127, 127, 129, 63, 76, 182, 58, 204, 188, 116, 147, 187, 114, 138, 14, 60, 177, 124, 44, 58, 0, 129, 129, 63, 0, 0, 203, 200, 188, 116, 147, 187, 114, 138, 14, 60, 101, 25, 98, 60, 0, 129, 129, 63, 0, 0, 191, 187, 36, 151, 127, 187, 114, 138, 14, 60, 177, 124, 44, 58, 0, 129, 129, 63, 76, 182, 203, 200, 36, 151, 127, 187, 114, 138, 14, 60, 101, 25, 98, 60, 0, 129, 129, 63, 76, 182, 191, 187, 188, 116, 147, 187, 250, 237, 107, 59, 177, 124, 44, 58, 0, 0, 127, 63, 0, 0, 58, 204, 188, 116, 147, 187, 114, 138, 14, 60, 177, 124, 44, 58, 0, 0, 127, 63, 0, 0, 16, 205, 36, 151, 127, 187, 250, 237, 107, 59, 177, 124, 44, 58, 0, 0, 127, 63, 76, 54, 58, 204, 36, 151, 127, 187, 114, 138, 14, 60, 177, 124, 44, 58, 0, 0, 127, 63, 76, 54, 16, 205 ),
"array_index_data": PoolByteArray( 0, 0, 1, 0, 2, 0, 2, 0, 1, 0, 3, 0, 4, 0, 5, 0, 6, 0, 6, 0, 5, 0, 7, 0, 8, 0, 9, 0, 10, 0, 10, 0, 9, 0, 11, 0, 12, 0, 13, 0, 14, 0, 14, 0, 13, 0, 15, 0 ),
"blend_shape_data": [  ],
"format": 2194711,
"index_count": 24,
"material": ExtResource( 3 ),
"name": "Gray8",
"primitive": 4,
"skeleton_aabb": [  ],
"vertex_count": 16
}
surfaces/8 = {
"aabb": AABB( -0.0045, -0.0045, -0.0228, 0.009, 0.015, 0.0372 ),
"array_data": PoolByteArray( 188, 116, 147, 187, 250, 237, 107, 59, 177, 124, 44, 58, 129, 0, 0, 63, 75, 201, 58, 204, 188, 116, 147, 187, 188, 116, 147, 187, 40, 84, 228, 186, 129, 0, 0, 63, 21, 202, 204, 201, 188, 116, 147, 187, 114, 138, 14, 60, 177, 124, 44, 58, 129, 0, 0, 63, 75, 201, 16, 205, 188, 116, 147, 187, 250, 237, 107, 186, 40, 84, 228, 186, 129, 0, 0, 63, 21, 202, 250, 202, 188, 116, 147, 59, 250, 237, 107, 186, 40, 84, 228, 186, 127, 127, 129, 63, 231, 197, 250, 202, 188, 116, 147, 187, 250, 237, 107, 186, 40, 84, 228, 186, 127, 127, 129, 63, 0, 0, 250, 202, 188, 116, 147, 59, 188, 116, 147, 187, 40, 84, 228, 186, 127, 127, 129, 63, 231, 197, 204, 201, 188, 116, 147, 187, 188, 116, 147, 187, 40, 84, 228, 186, 127, 127, 129, 63, 0, 0, 204, 201, 188, 116, 147, 59, 188, 116, 147, 187, 250, 237, 107, 60, 127, 0, 127, 127, 76, 62, 204, 201, 188, 116, 147, 59, 49, 8, 44, 60, 250, 237, 107, 60, 127, 0, 127, 127, 76, 62, 92, 205, 188, 116, 147, 59, 188, 116, 147, 187, 40, 84, 228, 186, 127, 0, 126, 127, 21, 74, 204, 201, 188, 116, 147, 59, 250, 237, 107, 186, 40, 84, 228, 186, 127, 0, 126, 127, 21, 74, 250, 202, 188, 116, 147, 59, 250, 237, 107, 186, 17, 199, 186, 188, 127, 0, 127, 127, 126, 78, 250, 202, 188, 116, 147, 59, 49, 8, 44, 60, 17, 199, 186, 188, 127, 0, 127, 127, 126, 78, 92, 205, 188, 116, 147, 59, 188, 116, 147, 187, 250, 237, 107, 60, 0, 0, 126, 63, 231, 69, 204, 201, 36, 151, 127, 59, 82, 73, 157, 185, 250, 237, 107, 60, 0, 0, 126, 63, 131, 69, 45, 203, 188, 116, 147, 59, 49, 8, 44, 60, 250, 237, 107, 60, 0, 0, 126, 63, 231, 69, 92, 205, 188, 116, 147, 187, 188, 116, 147, 187, 250, 237, 107, 60, 0, 0, 126, 63, 0, 0, 204, 201, 36, 151, 127, 187, 82, 73, 157, 185, 250, 237, 107, 60, 0, 0, 126, 63, 76, 54, 45, 203, 188, 116, 147, 187, 49, 8, 44, 60, 250, 237, 107, 60, 0, 0, 126, 63, 0, 0, 92, 205, 36, 151, 127, 187, 156, 51, 34, 60, 250, 237, 107, 60, 0, 0, 126, 63, 76, 54, 67, 205 ),
"array_index_data": PoolByteArray( 0, 0, 1, 0, 2, 0, 2, 0, 1, 0, 3, 0, 4, 0, 5, 0, 6, 0, 6, 0, 5, 0, 7, 0, 8, 0, 9, 0, 10, 0, 10, 0, 9, 0, 11, 0, 11, 0, 9, 0, 12, 0, 12, 0, 9, 0, 13, 0, 14, 0, 15, 0, 16, 0, 15, 0, 14, 0, 17, 0, 17, 0, 18, 0, 15, 0, 18, 0, 17, 0, 19, 0, 18, 0, 19, 0, 20, 0 ),
"blend_shape_data": [  ],
"format": 2194711,
"index_count": 39,
"material": ExtResource( 7 ),
"name": "Gray6",
"primitive": 4,
"skeleton_aabb": [  ],
"vertex_count": 21
}
surfaces/9 = {
"aabb": AABB( -0.0039, -0.0003, 0.0144, 0.0078, 0.01021, 9.99961e-06 ),
"array_data": PoolByteArray( 36, 151, 127, 187, 156, 51, 34, 60, 250, 237, 107, 60, 0, 0, 127, 63, 76, 54, 67, 205, 36, 151, 127, 59, 156, 51, 34, 60, 250, 237, 107, 60, 0, 0, 127, 63, 131, 69, 67, 205, 36, 151, 127, 187, 82, 73, 157, 185, 250, 237, 107, 60, 0, 0, 127, 63, 76, 54, 45, 203, 36, 151, 127, 59, 82, 73, 157, 185, 250, 237, 107, 60, 0, 0, 127, 63, 131, 69, 45, 203 ),
"array_index_data": PoolByteArray( 0, 0, 1, 0, 2, 0, 2, 0, 1, 0, 3, 0 ),
"blend_shape_data": [  ],
"format": 2194711,
"index_count": 6,
"material": ExtResource( 4 ),
"name": "FrontColor",
"primitive": 4,
"skeleton_aabb": [  ],
"vertex_count": 4
}
surfaces/10 = {
"aabb": AABB( -0.0039, -0.0003, 0.0144, 0.0078, 0.01021, 0.00121 ),
"array_data": PoolByteArray( 36, 151, 127, 187, 156, 51, 34, 60, 36, 151, 127, 60, 0, 127, 127, 63, 76, 54, 205, 50, 36, 151, 127, 187, 156, 51, 34, 60, 250, 237, 107, 60, 0, 127, 127, 63, 76, 54, 153, 184, 36, 151, 127, 59, 156, 51, 34, 60, 36, 151, 127, 60, 0, 127, 127, 63, 131, 69, 205, 50, 36, 151, 127, 59, 156, 51, 34, 60, 250, 237, 107, 60, 0, 127, 127, 63, 131, 69, 153, 184, 36, 151, 127, 187, 82, 73, 157, 185, 36, 151, 127, 60, 129, 0, 0, 63, 76, 186, 45, 203, 36, 151, 127, 187, 82, 73, 157, 185, 250, 237, 107, 60, 129, 0, 0, 63, 76, 190, 45, 203, 36, 151, 127, 187, 156, 51, 34, 60, 36, 151, 127, 60, 129, 0, 0, 63, 76, 186, 67, 205, 36, 151, 127, 187, 156, 51, 34, 60, 250, 237, 107, 60, 129, 0, 0, 63, 76, 190, 67, 205, 36, 151, 127, 187, 82, 73, 157, 185, 36, 151, 127, 60, 0, 129, 129, 63, 76, 182, 205, 50, 36, 151, 127, 59, 82, 73, 157, 185, 36, 151, 127, 60, 0, 129, 129, 63, 131, 197, 205, 50, 36, 151, 127, 187, 82, 73, 157, 185, 250, 237, 107, 60, 0, 129, 129, 63, 76, 182, 153, 184, 36, 151, 127, 59, 82, 73, 157, 185, 250, 237, 107, 60, 0, 129, 129, 63, 131, 197, 153, 184 ),
"array_index_data": PoolByteArray( 0, 0, 1, 0, 2, 0, 2, 0, 1, 0, 3, 0, 4, 0, 5, 0, 6, 0, 6, 0, 5, 0, 7, 0, 8, 0, 9, 0, 10, 0, 10, 0, 9, 0, 11, 0 ),
"blend_shape_data": [  ],
"format": 2194711,
"index_count": 18,
"material": ExtResource( 3 ),
"name": "Gray8",
"primitive": 4,
"skeleton_aabb": [  ],
"vertex_count": 12
}
surfaces/11 = {
"aabb": AABB( -0.0039, -0.0003, 0.0156, 0.00781, 0.01021, 9.99961e-06 ),
"array_data": PoolByteArray( 36, 151, 127, 59, 156, 51, 34, 60, 36, 151, 127, 60, 0, 0, 127, 63, 131, 69, 67, 205, 36, 151, 127, 59, 82, 73, 157, 185, 36, 151, 127, 60, 0, 0, 127, 63, 131, 69, 45, 203, 36, 151, 127, 187, 156, 51, 34, 60, 36, 151, 127, 60, 0, 0, 127, 63, 76, 54, 67, 205, 36, 151, 127, 187, 82, 73, 157, 185, 36, 151, 127, 60, 0, 0, 127, 63, 76, 54, 45, 203 ),
"array_index_data": PoolByteArray( 0, 0, 1, 0, 2, 0, 2, 0, 1, 0, 3, 0 ),
"blend_shape_data": [  ],
"format": 2194711,
"index_count": 6,
"material": ExtResource( 4 ),
"name": "FrontColor",
"primitive": 4,
"skeleton_aabb": [  ],
"vertex_count": 4
}
surfaces/12 = {
"aabb": AABB( 0.0039, -0.0003, 0.0144, 1.00001e-05, 0.0102, 0.00121 ),
"array_data": PoolByteArray( 36, 151, 127, 59, 82, 73, 157, 185, 36, 151, 127, 60, 127, 0, 127, 127, 76, 58, 45, 203, 36, 151, 127, 59, 156, 51, 34, 60, 36, 151, 127, 60, 127, 0, 127, 127, 76, 58, 67, 205, 36, 151, 127, 59, 82, 73, 157, 185, 250, 237, 107, 60, 127, 0, 127, 127, 76, 62, 45, 203, 36, 151, 127, 59, 156, 51, 34, 60, 250, 237, 107, 60, 127, 0, 127, 127, 76, 62, 67, 205 ),
"array_index_data": PoolByteArray( 0, 0, 1, 0, 2, 0, 2, 0, 1, 0, 3, 0 ),
"blend_shape_data": [  ],
"format": 2194711,
"index_count": 6,
"material": ExtResource( 3 ),
"name": "Gray8",
"primitive": 4,
"skeleton_aabb": [  ],
"vertex_count": 4
}
surfaces/13 = {
"aabb": AABB( -0.0045, -0.0009, 0.0156, 0.009, 0.0114, 0.027 ),
"array_data": PoolByteArray( 36, 151, 127, 59, 82, 73, 157, 185, 36, 151, 127, 60, 127, 129, 130, 63, 131, 197, 45, 203, 188, 116, 147, 59, 49, 8, 44, 60, 36, 151, 127, 60, 127, 129, 130, 63, 231, 197, 92, 205, 36, 151, 127, 59, 156, 51, 34, 60, 36, 151, 127, 60, 127, 129, 130, 63, 131, 197, 67, 205, 188, 116, 147, 59, 250, 237, 107, 186, 36, 151, 127, 60, 127, 129, 130, 63, 231, 197, 250, 202, 36, 151, 127, 187, 82, 73, 157, 185, 36, 151, 127, 60, 127, 129, 130, 63, 76, 182, 45, 203, 188, 116, 147, 187, 250, 237, 107, 186, 36, 151, 127, 60, 127, 129, 130, 63, 0, 0, 250, 202, 188, 116, 147, 187, 49, 8, 44, 60, 36, 151, 127, 60, 127, 129, 130, 63, 0, 0, 92, 205, 188, 116, 147, 187, 49, 8, 44, 60, 36, 151, 127, 60, 132, 0, 2, 63, 76, 186, 92, 205, 36, 151, 127, 187, 49, 8, 44, 60, 86, 125, 46, 61, 132, 0, 2, 63, 59, 76, 92, 205, 188, 116, 147, 187, 250, 237, 107, 186, 36, 151, 127, 60, 132, 0, 2, 63, 76, 186, 250, 202, 36, 151, 127, 187, 250, 237, 107, 58, 86, 125, 46, 61, 132, 0, 2, 63, 59, 76, 146, 203, 188, 116, 147, 59, 49, 8, 44, 60, 36, 151, 127, 60, 0, 127, 127, 63, 231, 69, 205, 50, 36, 151, 127, 187, 49, 8, 44, 60, 86, 125, 46, 61, 0, 127, 126, 63, 76, 54, 123, 76, 188, 116, 147, 187, 49, 8, 44, 60, 36, 151, 127, 60, 0, 127, 127, 63, 0, 0, 205, 50, 166, 155, 196, 186, 49, 8, 44, 60, 226, 233, 21, 61, 0, 127, 126, 63, 223, 63, 254, 74, 166, 155, 196, 186, 49, 8, 44, 60, 12, 147, 41, 61, 0, 127, 126, 63, 223, 63, 73, 76, 36, 151, 127, 59, 49, 8, 44, 60, 86, 125, 46, 61, 0, 127, 127, 63, 131, 69, 123, 76, 166, 155, 196, 58, 49, 8, 44, 60, 12, 147, 41, 61, 0, 127, 127, 63, 223, 67, 73, 76, 166, 155, 196, 58, 49, 8, 44, 60, 226, 233, 21, 61, 0, 127, 127, 63, 223, 67, 254, 74 ),
"array_index_data": PoolByteArray( 0, 0, 1, 0, 2, 0, 0, 0, 3, 0, 1, 0, 3, 0, 0, 0, 4, 0, 4, 0, 5, 0, 3, 0, 5, 0, 4, 0, 6, 0, 7, 0, 8, 0, 9, 0, 9, 0, 8, 0, 10, 0, 11, 0, 12, 0, 13, 0, 12, 0, 11, 0, 14, 0, 12, 0, 14, 0, 15, 0, 15, 0, 16, 0, 12, 0, 16, 0, 15, 0, 17, 0, 16, 0, 17, 0, 18, 0, 18, 0, 11, 0, 16, 0, 14, 0, 11, 0, 18, 0 ),
"blend_shape_data": [  ],
"format": 2194711,
"index_count": 45,
"material": ExtResource( 7 ),
"name": "Gray6",
"primitive": 4,
"skeleton_aabb": [  ],
"vertex_count": 19
}
surfaces/14 = {
"aabb": AABB( -0.0015, 0.0105, 0.0366, 0.003, 0.0072, 0.0048 ),
"array_data": PoolByteArray( 166, 155, 196, 186, 49, 8, 44, 60, 226, 233, 21, 61, 95, 127, 129, 63, 223, 191, 25, 206, 166, 155, 196, 58, 49, 8, 44, 60, 226, 233, 21, 61, 95, 127, 129, 63, 223, 195, 25, 206, 166, 155, 196, 186, 151, 255, 144, 60, 119, 190, 31, 61, 95, 127, 129, 63, 223, 191, 88, 207, 166, 155, 196, 58, 151, 255, 144, 60, 119, 190, 31, 61, 95, 127, 129, 63, 223, 195, 88, 207, 166, 155, 196, 186, 49, 8, 44, 60, 12, 147, 41, 61, 129, 0, 0, 63, 9, 76, 92, 205, 166, 155, 196, 186, 49, 8, 44, 60, 226, 233, 21, 61, 129, 0, 0, 63, 126, 74, 92, 205, 166, 155, 196, 186, 151, 255, 144, 60, 12, 147, 41, 61, 129, 0, 0, 63, 9, 76, 138, 206, 166, 155, 196, 186, 151, 255, 144, 60, 119, 190, 31, 61, 129, 0, 0, 63, 72, 75, 138, 206, 166, 155, 196, 58, 49, 8, 44, 60, 12, 147, 41, 61, 0, 0, 127, 63, 223, 67, 92, 205, 166, 155, 196, 186, 49, 8, 44, 60, 12, 147, 41, 61, 0, 0, 127, 63, 223, 63, 92, 205, 166, 155, 196, 58, 151, 255, 144, 60, 12, 147, 41, 61, 0, 0, 127, 63, 223, 67, 138, 206, 166, 155, 196, 186, 151, 255, 144, 60, 12, 147, 41, 61, 0, 0, 127, 63, 223, 63, 138, 206, 166, 155, 196, 58, 49, 8, 44, 60, 226, 233, 21, 61, 127, 0, 127, 127, 126, 202, 92, 205, 166, 155, 196, 58, 49, 8, 44, 60, 12, 147, 41, 61, 127, 0, 127, 127, 9, 204, 92, 205, 166, 155, 196, 58, 151, 255, 144, 60, 119, 190, 31, 61, 127, 0, 127, 127, 72, 203, 138, 206, 166, 155, 196, 58, 151, 255, 144, 60, 12, 147, 41, 61, 127, 0, 127, 127, 9, 204, 138, 206, 166, 155, 196, 58, 151, 255, 144, 60, 12, 147, 41, 61, 0, 127, 127, 63, 223, 67, 73, 76, 166, 155, 196, 186, 151, 255, 144, 60, 12, 147, 41, 61, 0, 127, 127, 63, 223, 63, 73, 76, 166, 155, 196, 58, 151, 255, 144, 60, 119, 190, 31, 61, 0, 127, 127, 63, 223, 67, 200, 75, 166, 155, 196, 186, 151, 255, 144, 60, 119, 190, 31, 61, 0, 127, 127, 63, 223, 63, 200, 75 ),
"array_index_data": PoolByteArray( 0, 0, 1, 0, 2, 0, 2, 0, 1, 0, 3, 0, 4, 0, 5, 0, 6, 0, 6, 0, 5, 0, 7, 0, 8, 0, 9, 0, 10, 0, 10, 0, 9, 0, 11, 0, 12, 0, 13, 0, 14, 0, 14, 0, 13, 0, 15, 0, 16, 0, 17, 0, 18, 0, 18, 0, 17, 0, 19, 0 ),
"blend_shape_data": [  ],
"format": 2194711,
"index_count": 30,
"material": ExtResource( 3 ),
"name": "Gray8",
"primitive": 4,
"skeleton_aabb": [  ],
"vertex_count": 20
}
surfaces/15 = {
"aabb": AABB( -0.0045, -0.0009, 0.0156, 0.00901, 0.0114, 0.027 ),
"array_data": PoolByteArray( 188, 116, 147, 59, 250, 237, 107, 186, 36, 151, 127, 60, 124, 0, 126, 125, 88, 59, 250, 202, 36, 151, 127, 59, 250, 237, 107, 58, 86, 125, 46, 61, 124, 0, 127, 125, 51, 204, 146, 203, 188, 116, 147, 59, 49, 8, 44, 60, 36, 151, 127, 60, 124, 0, 126, 125, 88, 59, 92, 205, 36, 151, 127, 59, 49, 8, 44, 60, 86, 125, 46, 61, 124, 0, 127, 125, 51, 204, 92, 205, 188, 116, 147, 187, 250, 237, 107, 186, 36, 151, 127, 60, 0, 137, 127, 63, 0, 0, 82, 58, 36, 151, 127, 187, 250, 237, 107, 58, 86, 125, 46, 61, 0, 137, 127, 63, 76, 54, 61, 204, 188, 116, 147, 59, 250, 237, 107, 186, 36, 151, 127, 60, 0, 137, 127, 63, 231, 69, 82, 58, 36, 151, 127, 59, 250, 237, 107, 58, 86, 125, 46, 61, 0, 137, 127, 63, 131, 69, 61, 204, 231, 29, 167, 58, 223, 40, 129, 59, 86, 125, 46, 61, 0, 0, 126, 63, 148, 67, 72, 204, 36, 151, 127, 59, 250, 237, 107, 58, 86, 125, 46, 61, 0, 0, 126, 63, 131, 69, 146, 203, 36, 151, 127, 187, 250, 237, 107, 58, 86, 125, 46, 61, 0, 0, 126, 63, 76, 54, 146, 203, 171, 86, 236, 58, 70, 112, 142, 59, 86, 125, 46, 61, 0, 0, 126, 63, 34, 68, 89, 204, 34, 186, 16, 59, 119, 190, 159, 59, 86, 125, 46, 61, 0, 0, 126, 63, 102, 68, 112, 204, 33, 108, 33, 59, 139, 229, 179, 59, 86, 125, 46, 61, 0, 0, 126, 63, 145, 68, 137, 204, 36, 151, 127, 59, 49, 8, 44, 60, 86, 125, 46, 61, 0, 0, 126, 63, 131, 69, 92, 205, 231, 29, 39, 59, 240, 133, 201, 59, 86, 125, 46, 61, 0, 0, 126, 63, 160, 68, 165, 204, 33, 108, 33, 59, 86, 38, 223, 59, 86, 125, 46, 61, 0, 0, 126, 63, 145, 68, 193, 204, 34, 186, 16, 59, 106, 77, 243, 59, 86, 125, 46, 61, 0, 0, 126, 63, 102, 68, 219, 204, 171, 86, 236, 58, 206, 77, 2, 60, 86, 125, 46, 61, 0, 0, 126, 63, 34, 68, 241, 204, 231, 29, 167, 58, 129, 241, 8, 60, 86, 125, 46, 61, 0, 0, 126, 63, 148, 67, 2, 205, 29, 3, 45, 58, 0, 30, 13, 60, 86, 125, 46, 61, 0, 0, 126, 63, 197, 66, 12, 205, 193, 82, 70, 37, 114, 138, 14, 60, 86, 125, 46, 61, 0, 0, 127, 63, 231, 65, 16, 205, 36, 151, 127, 187, 49, 8, 44, 60, 86, 125, 46, 61, 0, 0, 126, 63, 76, 54, 92, 205, 29, 3, 45, 186, 0, 30, 13, 60, 86, 125, 46, 61, 0, 0, 126, 63, 10, 65, 12, 205, 231, 29, 167, 186, 129, 241, 8, 60, 86, 125, 46, 61, 0, 0, 126, 63, 59, 64, 2, 205, 171, 86, 236, 186, 206, 77, 2, 60, 86, 125, 46, 61, 0, 0, 126, 63, 20, 63, 241, 204, 34, 186, 16, 187, 106, 77, 243, 59, 86, 125, 46, 61, 0, 0, 126, 63, 3, 62, 219, 204, 33, 108, 33, 187, 86, 38, 223, 59, 86, 125, 46, 61, 0, 0, 126, 63, 88, 61, 193, 204, 231, 29, 39, 187, 240, 133, 201, 59, 86, 125, 46, 61, 0, 0, 126, 63, 30, 61, 165, 204, 33, 108, 33, 187, 139, 229, 179, 59, 86, 125, 46, 61, 0, 0, 126, 63, 88, 61, 137, 204, 36, 151, 127, 187, 250, 237, 107, 58, 86, 125, 46, 61, 0, 0, 126, 63, 76, 54, 146, 203, 34, 186, 16, 187, 119, 190, 159, 59, 86, 125, 46, 61, 0, 0, 126, 63, 3, 62, 112, 204, 171, 86, 236, 186, 70, 112, 142, 59, 86, 125, 46, 61, 0, 0, 126, 63, 20, 63, 89, 204, 231, 29, 167, 186, 223, 40, 129, 59, 86, 125, 46, 61, 0, 0, 126, 63, 59, 64, 72, 204, 29, 3, 45, 186, 192, 159, 113, 59, 86, 125, 46, 61, 0, 0, 126, 63, 10, 65, 62, 204, 193, 82, 70, 37, 250, 237, 107, 59, 86, 125, 46, 61, 0, 0, 126, 63, 231, 65, 58, 204, 29, 3, 45, 58, 192, 159, 113, 59, 86, 125, 46, 61, 0, 0, 126, 63, 197, 66, 62, 204, 193, 82, 70, 37, 250, 237, 107, 59, 86, 125, 46, 61, 0, 0, 126, 63, 231, 65, 58, 204 ),
"array_index_data": PoolByteArray( 0, 0, 1, 0, 2, 0, 2, 0, 1, 0, 3, 0, 4, 0, 5, 0, 6, 0, 6, 0, 5, 0, 7, 0, 8, 0, 9, 0, 10, 0, 9, 0, 8, 0, 11, 0, 9, 0, 11, 0, 12, 0, 9, 0, 12, 0, 13, 0, 9, 0, 13, 0, 14, 0, 14, 0, 13, 0, 15, 0, 14, 0, 15, 0, 16, 0, 14, 0, 16, 0, 17, 0, 14, 0, 17, 0, 18, 0, 14, 0, 18, 0, 19, 0, 14, 0, 19, 0, 20, 0, 14, 0, 20, 0, 21, 0, 21, 0, 22, 0, 14, 0, 23, 0, 22, 0, 21, 0, 24, 0, 22, 0, 23, 0, 25, 0, 22, 0, 24, 0, 26, 0, 22, 0, 25, 0, 27, 0, 22, 0, 26, 0, 28, 0, 22, 0, 27, 0, 29, 0, 22, 0, 28, 0, 29, 0, 30, 0, 22, 0, 30, 0, 29, 0, 31, 0, 30, 0, 31, 0, 32, 0, 30, 0, 32, 0, 33, 0, 30, 0, 33, 0, 34, 0, 30, 0, 34, 0, 35, 0, 36, 0, 10, 0, 37, 0, 8, 0, 10, 0, 36, 0 ),
"blend_shape_data": [  ],
"format": 2194711,
"index_count": 96,
"material": ExtResource( 7 ),
"name": "Gray6",
"primitive": 4,
"skeleton_aabb": [  ],
"vertex_count": 38
}
surfaces/16 = {
"aabb": AABB( -0.00180312, 0.0036, 0.0426, 0.00435312, 0.00435312, 0.0042 ),
"array_data": PoolByteArray( 29, 3, 45, 58, 192, 159, 113, 59, 86, 125, 46, 61, 26, 156, 129, 127, 59, 204, 128, 200, 29, 3, 45, 58, 192, 159, 113, 59, 91, 177, 63, 61, 26, 156, 129, 127, 235, 204, 128, 200, 231, 29, 167, 58, 223, 40, 129, 59, 86, 125, 46, 61, 46, 176, 129, 127, 59, 204, 184, 200, 231, 29, 167, 58, 223, 40, 129, 59, 91, 177, 63, 61, 46, 176, 129, 127, 235, 204, 184, 200, 29, 3, 45, 58, 192, 159, 113, 59, 86, 125, 46, 61, 26, 156, 129, 127, 59, 204, 179, 196, 193, 82, 70, 37, 250, 237, 107, 59, 86, 125, 46, 61, 0, 129, 129, 127, 59, 204, 68, 196, 29, 3, 45, 58, 192, 159, 113, 59, 91, 177, 63, 61, 26, 156, 129, 127, 235, 204, 179, 196, 143, 31, 249, 37, 250, 237, 107, 59, 91, 177, 63, 61, 0, 129, 129, 127, 235, 204, 68, 196, 29, 3, 45, 186, 192, 159, 113, 59, 91, 177, 63, 61, 0, 0, 127, 63, 10, 65, 62, 204, 29, 3, 45, 58, 192, 159, 113, 59, 91, 177, 63, 61, 0, 0, 127, 63, 197, 66, 62, 204, 143, 31, 249, 37, 250, 237, 107, 59, 91, 177, 63, 61, 0, 0, 127, 63, 231, 65, 58, 204, 231, 29, 167, 58, 223, 40, 129, 59, 91, 177, 63, 61, 0, 0, 127, 63, 148, 67, 72, 204, 231, 29, 167, 186, 223, 40, 129, 59, 91, 177, 63, 61, 0, 0, 126, 63, 59, 64, 72, 204, 171, 86, 236, 58, 70, 112, 142, 59, 91, 177, 63, 61, 0, 0, 126, 63, 34, 68, 89, 204, 231, 29, 167, 58, 223, 40, 129, 59, 86, 125, 46, 61, 46, 176, 129, 127, 59, 204, 134, 202, 231, 29, 167, 58, 223, 40, 129, 59, 91, 177, 63, 61, 46, 176, 129, 127, 235, 204, 134, 202, 171, 86, 236, 58, 70, 112, 142, 59, 86, 125, 46, 61, 63, 193, 129, 127, 59, 204, 190, 202, 171, 86, 236, 58, 70, 112, 142, 59, 91, 177, 63, 61, 63, 193, 129, 127, 235, 204, 190, 202, 171, 86, 236, 58, 70, 112, 142, 59, 86, 125, 46, 61, 63, 193, 129, 127, 59, 204, 7, 204, 171, 86, 236, 58, 70, 112, 142, 59, 91, 177, 63, 61, 63, 193, 129, 127, 235, 204, 7, 204, 34, 186, 16, 59, 119, 190, 159, 59, 86, 125, 46, 61, 80, 210, 129, 127, 59, 204, 35, 204, 34, 186, 16, 59, 119, 190, 159, 59, 91, 177, 63, 61, 80, 210, 129, 127, 235, 204, 35, 204, 34, 186, 16, 59, 119, 190, 159, 59, 86, 125, 46, 61, 80, 210, 129, 127, 59, 204, 128, 204, 34, 186, 16, 59, 119, 190, 159, 59, 91, 177, 63, 61, 80, 210, 129, 127, 235, 204, 128, 204, 33, 108, 33, 59, 139, 229, 179, 59, 86, 125, 46, 61, 100, 230, 129, 127, 59, 204, 156, 204, 33, 108, 33, 59, 139, 229, 179, 59, 91, 177, 63, 61, 100, 230, 129, 127, 235, 204, 156, 204, 33, 108, 33, 59, 139, 229, 179, 59, 86, 125, 46, 61, 100, 230, 129, 127, 59, 204, 165, 204, 33, 108, 33, 59, 139, 229, 179, 59, 91, 177, 63, 61, 100, 230, 129, 127, 235, 204, 165, 204, 231, 29, 39, 59, 240, 133, 201, 59, 86, 125, 46, 61, 127, 0, 129, 127, 59, 204, 193, 204, 231, 29, 39, 59, 240, 133, 201, 59, 91, 177, 63, 61, 127, 0, 129, 127, 235, 204, 193, 204, 231, 29, 39, 59, 240, 133, 201, 59, 86, 125, 46, 61, 127, 0, 129, 127, 59, 204, 116, 204, 231, 29, 39, 59, 240, 133, 201, 59, 91, 177, 63, 61, 127, 0, 129, 127, 235, 204, 116, 204, 33, 108, 33, 59, 86, 38, 223, 59, 86, 125, 46, 61, 100, 26, 129, 1, 59, 204, 144, 204, 33, 108, 33, 59, 86, 38, 223, 59, 91, 177, 63, 61, 100, 26, 129, 1, 235, 204, 144, 204, 33, 108, 33, 59, 86, 38, 223, 59, 86, 125, 46, 61, 100, 26, 129, 1, 59, 204, 223, 203, 33, 108, 33, 59, 86, 38, 223, 59, 91, 177, 63, 61, 100, 26, 129, 1, 235, 204, 223, 203, 34, 186, 16, 59, 106, 77, 243, 59, 86, 125, 46, 61, 80, 46, 129, 1, 59, 204, 11, 204, 34, 186, 16, 59, 106, 77, 243, 59, 91, 177, 63, 61, 80, 46, 129, 1, 235, 204, 11, 204, 34, 186, 16, 59, 106, 77, 243, 59, 91, 177, 63, 61, 80, 46, 129, 1, 235, 204, 66, 202, 171, 86, 236, 58, 206, 77, 2, 60, 91, 177, 63, 61, 63, 63, 129, 1, 235, 204, 122, 202, 34, 186, 16, 59, 106, 77, 243, 59, 86, 125, 46, 61, 80, 46, 129, 1, 59, 204, 66, 202, 171, 86, 236, 58, 206, 77, 2, 60, 86, 125, 46, 61, 63, 63, 129, 1, 59, 204, 122, 202, 34, 186, 16, 59, 106, 77, 243, 59, 91, 177, 63, 61, 0, 0, 126, 63, 102, 68, 219, 204, 232, 16, 188, 58, 42, 138, 248, 59, 91, 177, 63, 61, 0, 0, 126, 63, 201, 67, 225, 204, 171, 86, 236, 58, 206, 77, 2, 60, 91, 177, 63, 61, 0, 0, 126, 63, 34, 68, 241, 204, 52, 85, 230, 58, 197, 196, 234, 59, 91, 177, 63, 61, 0, 0, 126, 63, 27, 68, 208, 204, 33, 108, 33, 59, 86, 38, 223, 59, 91, 177, 63, 61, 0, 0, 126, 63, 145, 68, 193, 204, 131, 115, 0, 59, 120, 187, 218, 59, 91, 177, 63, 61, 0, 0, 126, 63, 61, 68, 187, 204, 125, 251, 4, 59, 240, 133, 201, 59, 91, 177, 63, 61, 0, 0, 126, 63, 72, 68, 165, 204, 231, 29, 39, 59, 240, 133, 201, 59, 91, 177, 63, 61, 0, 0, 126, 63, 160, 68, 165, 204, 131, 115, 0, 59, 105, 80, 184, 59, 91, 177, 63, 61, 0, 0, 126, 63, 61, 68, 143, 204, 33, 108, 33, 59, 139, 229, 179, 59, 91, 177, 63, 61, 0, 0, 126, 63, 145, 68, 137, 204, 52, 85, 230, 58, 28, 71, 168, 59, 91, 177, 63, 61, 0, 0, 126, 63, 27, 68, 122, 204, 34, 186, 16, 59, 119, 190, 159, 59, 91, 177, 63, 61, 0, 0, 126, 63, 102, 68, 112, 204, 232, 16, 188, 58, 182, 129, 154, 59, 91, 177, 63, 61, 0, 0, 126, 63, 201, 67, 105, 204, 82, 251, 132, 58, 163, 240, 143, 59, 91, 177, 63, 61, 0, 0, 126, 63, 60, 67, 91, 204, 111, 172, 9, 58, 47, 76, 137, 59, 91, 177, 63, 61, 0, 0, 126, 63, 152, 66, 83, 204, 143, 31, 249, 37, 50, 8, 135, 59, 91, 177, 63, 61, 0, 0, 126, 63, 231, 65, 80, 204, 171, 86, 236, 186, 70, 112, 142, 59, 91, 177, 63, 61, 0, 0, 126, 63, 20, 63, 89, 204, 111, 172, 9, 186, 47, 76, 137, 59, 91, 177, 63, 61, 0, 0, 126, 63, 55, 65, 83, 204, 111, 172, 9, 186, 47, 76, 137, 59, 91, 177, 63, 61, 26, 100, 129, 1, 235, 204, 201, 60, 111, 172, 9, 186, 47, 76, 137, 59, 86, 125, 46, 61, 26, 100, 129, 1, 59, 204, 201, 60, 143, 31, 249, 37, 50, 8, 135, 59, 91, 177, 63, 61, 0, 127, 129, 1, 235, 204, 45, 62, 193, 82, 70, 37, 50, 8, 135, 59, 86, 125, 46, 61, 0, 127, 129, 1, 59, 204, 45, 62, 82, 251, 132, 186, 163, 240, 143, 59, 91, 177, 63, 61, 46, 80, 129, 1, 235, 204, 225, 195, 82, 251, 132, 186, 163, 240, 143, 59, 86, 125, 46, 61, 46, 80, 129, 1, 59, 204, 225, 195, 111, 172, 9, 186, 47, 76, 137, 59, 91, 177, 63, 61, 26, 100, 129, 1, 235, 204, 47, 195, 111, 172, 9, 186, 47, 76, 137, 59, 86, 125, 46, 61, 26, 100, 129, 1, 59, 204, 47, 195, 232, 16, 188, 186, 182, 129, 154, 59, 91, 177, 63, 61, 63, 63, 129, 1, 235, 204, 96, 200, 232, 16, 188, 186, 182, 129, 154, 59, 86, 125, 46, 61, 63, 63, 129, 1, 59, 204, 96, 200, 82, 251, 132, 186, 163, 240, 143, 59, 91, 177, 63, 61, 46, 80, 129, 1, 235, 204, 52, 200, 82, 251, 132, 186, 163, 240, 143, 59, 86, 125, 46, 61, 46, 80, 129, 1, 59, 204, 52, 200, 232, 16, 188, 186, 182, 129, 154, 59, 86, 125, 46, 61, 63, 63, 129, 1, 59, 204, 72, 202, 232, 16, 188, 186, 182, 129, 154, 59, 91, 177, 63, 61, 63, 63, 129, 1, 235, 204, 72, 202, 52, 85, 230, 186, 28, 71, 168, 59, 86, 125, 46, 61, 80, 46, 129, 1, 59, 204, 117, 202, 52, 85, 230, 186, 28, 71, 168, 59, 91, 177, 63, 61, 80, 46, 129, 1, 235, 204, 117, 202 ),
"array_index_data": PoolByteArray( 0, 0, 1, 0, 2, 0, 2, 0, 1, 0, 3, 0, 4, 0, 5, 0, 6, 0, 6, 0, 5, 0, 7, 0, 8, 0, 9, 0, 10, 0, 9, 0, 8, 0, 11, 0, 11, 0, 8, 0, 12, 0, 11, 0, 12, 0, 13, 0, 14, 0, 15, 0, 16, 0, 16, 0, 15, 0, 17, 0, 18, 0, 19, 0, 20, 0, 20, 0, 19, 0, 21, 0, 22, 0, 23, 0, 24, 0, 24, 0, 23, 0, 25, 0, 26, 0, 27, 0, 28, 0, 28, 0, 27, 0, 29, 0, 30, 0, 31, 0, 32, 0, 32, 0, 31, 0, 33, 0, 34, 0, 35, 0, 36, 0, 36, 0, 35, 0, 37, 0, 38, 0, 39, 0, 40, 0, 40, 0, 39, 0, 41, 0, 42, 0, 43, 0, 44, 0, 42, 0, 45, 0, 43, 0, 46, 0, 45, 0, 42, 0, 46, 0, 47, 0, 45, 0, 46, 0, 48, 0, 47, 0, 49, 0, 48, 0, 46, 0, 49, 0, 50, 0, 48, 0, 51, 0, 50, 0, 49, 0, 51, 0, 52, 0, 50, 0, 53, 0, 52, 0, 51, 0, 53, 0, 54, 0, 52, 0, 53, 0, 55, 0, 54, 0, 13, 0, 55, 0, 53, 0, 13, 0, 56, 0, 55, 0, 13, 0, 57, 0, 56, 0, 13, 0, 12, 0, 57, 0, 58, 0, 57, 0, 12, 0, 57, 0, 58, 0, 59, 0, 60, 0, 61, 0, 62, 0, 62, 0, 61, 0, 63, 0, 64, 0, 65, 0, 66, 0, 66, 0, 65, 0, 67, 0, 68, 0, 69, 0, 70, 0, 70, 0, 69, 0, 71, 0, 72, 0, 73, 0, 74, 0, 74, 0, 73, 0, 75, 0 ),
"blend_shape_data": [  ],
"format": 2194711,
"index_count": 144,
"material": ExtResource( 5 ),
"name": "Gray5",
"primitive": 4,
"skeleton_aabb": [  ],
"vertex_count": 76
}
surfaces/17 = {
"aabb": AABB( -0.00202915, 0.00412085, 0.0426, 0.0040583, 0.0040583, 9.99868e-06 ),
"array_data": PoolByteArray( 111, 172, 9, 58, 217, 223, 4, 60, 86, 125, 46, 61, 0, 0, 126, 63, 152, 66, 247, 204, 82, 251, 132, 58, 159, 141, 1, 60, 86, 125, 46, 61, 0, 0, 126, 63, 60, 67, 239, 204, 193, 82, 70, 37, 215, 1, 6, 60, 86, 125, 46, 61, 0, 0, 126, 63, 231, 65, 250, 204, 111, 172, 9, 186, 217, 223, 4, 60, 86, 125, 46, 61, 0, 0, 126, 63, 55, 65, 247, 204, 82, 251, 132, 186, 159, 141, 1, 60, 86, 125, 46, 61, 0, 0, 127, 63, 146, 64, 239, 204, 232, 16, 188, 186, 42, 138, 248, 59, 86, 125, 46, 61, 0, 0, 126, 63, 5, 64, 225, 204, 52, 85, 230, 186, 197, 196, 234, 59, 86, 125, 46, 61, 0, 0, 126, 63, 50, 63, 208, 204, 131, 115, 0, 187, 120, 187, 218, 59, 86, 125, 46, 61, 0, 0, 126, 63, 170, 62, 187, 204, 125, 251, 4, 187, 240, 133, 201, 59, 86, 125, 46, 61, 0, 0, 126, 63, 124, 62, 165, 204, 131, 115, 0, 187, 105, 80, 184, 59, 86, 125, 46, 61, 0, 0, 126, 63, 170, 62, 143, 204, 52, 85, 230, 186, 28, 71, 168, 59, 86, 125, 46, 61, 0, 0, 126, 63, 50, 63, 122, 204, 232, 16, 188, 186, 182, 129, 154, 59, 86, 125, 46, 61, 0, 0, 126, 63, 5, 64, 105, 204, 82, 251, 132, 186, 163, 240, 143, 59, 86, 125, 46, 61, 0, 0, 126, 63, 146, 64, 91, 204, 111, 172, 9, 186, 47, 76, 137, 59, 86, 125, 46, 61, 0, 0, 126, 63, 55, 65, 83, 204, 193, 82, 70, 37, 50, 8, 135, 59, 86, 125, 46, 61, 0, 0, 126, 63, 231, 65, 80, 204, 111, 172, 9, 58, 47, 76, 137, 59, 86, 125, 46, 61, 0, 0, 126, 63, 152, 66, 83, 204, 82, 251, 132, 58, 163, 240, 143, 59, 86, 125, 46, 61, 0, 0, 126, 63, 60, 67, 91, 204, 232, 16, 188, 58, 182, 129, 154, 59, 86, 125, 46, 61, 0, 0, 126, 63, 201, 67, 105, 204, 52, 85, 230, 58, 28, 71, 168, 59, 86, 125, 46, 61, 0, 0, 126, 63, 27, 68, 122, 204, 131, 115, 0, 59, 105, 80, 184, 59, 86, 125, 46, 61, 0, 0, 126, 63, 61, 68, 143, 204, 125, 251, 4, 59, 240, 133, 201, 59, 86, 125, 46, 61, 0, 0, 126, 63, 72, 68, 165, 204, 131, 115, 0, 59, 120, 187, 218, 59, 86, 125, 46, 61, 0, 0, 126, 63, 61, 68, 187, 204, 52, 85, 230, 58, 197, 196, 234, 59, 86, 125, 46, 61, 0, 0, 126, 63, 27, 68, 208, 204, 232, 16, 188, 58, 42, 138, 248, 59, 86, 125, 46, 61, 0, 0, 126, 63, 201, 67, 225, 204 ),
"array_index_data": PoolByteArray( 0, 0, 1, 0, 2, 0, 2, 0, 1, 0, 3, 0, 3, 0, 1, 0, 4, 0, 4, 0, 1, 0, 5, 0, 5, 0, 1, 0, 6, 0, 6, 0, 1, 0, 7, 0, 7, 0, 1, 0, 8, 0, 8, 0, 1, 0, 9, 0, 9, 0, 1, 0, 10, 0, 10, 0, 1, 0, 11, 0, 11, 0, 1, 0, 12, 0, 12, 0, 1, 0, 13, 0, 13, 0, 1, 0, 14, 0, 14, 0, 1, 0, 15, 0, 15, 0, 1, 0, 16, 0, 16, 0, 1, 0, 17, 0, 17, 0, 1, 0, 18, 0, 18, 0, 1, 0, 19, 0, 19, 0, 1, 0, 20, 0, 20, 0, 1, 0, 21, 0, 21, 0, 1, 0, 22, 0, 22, 0, 1, 0, 23, 0 ),
"blend_shape_data": [  ],
"format": 2194711,
"index_count": 66,
"material": ExtResource( 3 ),
"name": "Gray8",
"primitive": 4,
"skeleton_aabb": [  ],
"vertex_count": 24
}
surfaces/18 = {
"aabb": AABB( -0.00255, 0.0036, 0.0426, 0.00457915, 0.0051, 0.0042 ),
"array_data": PoolByteArray( 111, 172, 9, 58, 217, 223, 4, 60, 86, 125, 46, 61, 230, 156, 0, 63, 59, 76, 225, 195, 111, 172, 9, 58, 217, 223, 4, 60, 91, 177, 63, 61, 230, 156, 0, 63, 235, 76, 225, 195, 82, 251, 132, 58, 159, 141, 1, 60, 86, 125, 46, 61, 210, 176, 0, 63, 59, 76, 47, 195, 82, 251, 132, 58, 159, 141, 1, 60, 91, 177, 63, 61, 210, 176, 0, 63, 235, 76, 47, 195, 111, 172, 9, 58, 217, 223, 4, 60, 86, 125, 46, 61, 230, 156, 0, 63, 59, 76, 45, 62, 193, 82, 70, 37, 215, 1, 6, 60, 86, 125, 46, 61, 0, 129, 0, 63, 59, 76, 201, 60, 111, 172, 9, 58, 217, 223, 4, 60, 91, 177, 63, 61, 230, 156, 0, 63, 235, 76, 45, 62, 143, 31, 249, 37, 215, 1, 6, 60, 91, 177, 63, 61, 0, 129, 0, 63, 235, 76, 201, 60, 231, 29, 167, 58, 129, 241, 8, 60, 91, 177, 63, 61, 0, 0, 126, 63, 148, 67, 2, 205, 111, 172, 9, 58, 217, 223, 4, 60, 91, 177, 63, 61, 0, 0, 126, 63, 152, 66, 247, 204, 143, 31, 249, 37, 215, 1, 6, 60, 91, 177, 63, 61, 0, 0, 127, 63, 231, 65, 250, 204, 171, 86, 236, 58, 206, 77, 2, 60, 91, 177, 63, 61, 0, 0, 126, 63, 34, 68, 241, 204, 82, 251, 132, 58, 159, 141, 1, 60, 91, 177, 63, 61, 0, 0, 126, 63, 60, 67, 239, 204, 232, 16, 188, 58, 42, 138, 248, 59, 91, 177, 63, 61, 0, 0, 126, 63, 201, 67, 225, 204, 82, 251, 132, 58, 159, 141, 1, 60, 86, 125, 46, 61, 210, 176, 0, 63, 59, 76, 96, 200, 82, 251, 132, 58, 159, 141, 1, 60, 91, 177, 63, 61, 210, 176, 0, 63, 235, 76, 96, 200, 232, 16, 188, 58, 42, 138, 248, 59, 86, 125, 46, 61, 193, 193, 0, 63, 59, 76, 52, 200, 232, 16, 188, 58, 42, 138, 248, 59, 91, 177, 63, 61, 193, 193, 0, 63, 235, 76, 52, 200, 232, 16, 188, 58, 42, 138, 248, 59, 91, 177, 63, 61, 193, 193, 0, 63, 235, 76, 117, 202, 52, 85, 230, 58, 197, 196, 234, 59, 91, 177, 63, 61, 176, 210, 0, 63, 235, 76, 72, 202, 232, 16, 188, 58, 42, 138, 248, 59, 86, 125, 46, 61, 193, 193, 0, 63, 59, 76, 117, 202, 52, 85, 230, 58, 197, 196, 234, 59, 86, 125, 46, 61, 176, 210, 0, 63, 59, 76, 72, 202, 52, 85, 230, 58, 197, 196, 234, 59, 86, 125, 46, 61, 176, 210, 0, 63, 59, 76, 8, 204, 52, 85, 230, 58, 197, 196, 234, 59, 91, 177, 63, 61, 176, 210, 0, 63, 235, 76, 8, 204, 131, 115, 0, 59, 120, 187, 218, 59, 86, 125, 46, 61, 156, 230, 0, 63, 59, 76, 229, 203, 131, 115, 0, 59, 120, 187, 218, 59, 91, 177, 63, 61, 156, 230, 0, 63, 235, 76, 229, 203, 131, 115, 0, 59, 120, 187, 218, 59, 86, 125, 46, 61, 156, 230, 0, 63, 59, 76, 141, 204, 131, 115, 0, 59, 120, 187, 218, 59, 91, 177, 63, 61, 156, 230, 0, 63, 235, 76, 141, 204, 125, 251, 4, 59, 240, 133, 201, 59, 86, 125, 46, 61, 129, 0, 0, 63, 59, 76, 119, 204, 125, 251, 4, 59, 240, 133, 201, 59, 91, 177, 63, 61, 129, 0, 0, 63, 235, 76, 119, 204, 125, 251, 4, 59, 240, 133, 201, 59, 86, 125, 46, 61, 129, 0, 0, 63, 59, 76, 190, 204, 125, 251, 4, 59, 240, 133, 201, 59, 91, 177, 63, 61, 129, 0, 0, 63, 235, 76, 190, 204, 131, 115, 0, 59, 105, 80, 184, 59, 86, 125, 46, 61, 156, 26, 0, 63, 59, 76, 168, 204, 131, 115, 0, 59, 105, 80, 184, 59, 91, 177, 63, 61, 156, 26, 0, 63, 235, 76, 168, 204, 131, 115, 0, 59, 105, 80, 184, 59, 86, 125, 46, 61, 156, 26, 0, 63, 59, 76, 153, 204, 131, 115, 0, 59, 105, 80, 184, 59, 91, 177, 63, 61, 156, 26, 0, 63, 235, 76, 153, 204, 52, 85, 230, 58, 28, 71, 168, 59, 86, 125, 46, 61, 176, 46, 0, 63, 59, 76, 131, 204, 52, 85, 230, 58, 28, 71, 168, 59, 91, 177, 63, 61, 176, 46, 0, 63, 235, 76, 131, 204, 52, 85, 230, 58, 28, 71, 168, 59, 91, 177, 63, 61, 176, 46, 0, 63, 235, 76, 32, 204, 232, 16, 188, 58, 182, 129, 154, 59, 91, 177, 63, 61, 193, 63, 0, 63, 235, 76, 10, 204, 52, 85, 230, 58, 28, 71, 168, 59, 86, 125, 46, 61, 176, 46, 0, 63, 59, 76, 32, 204, 232, 16, 188, 58, 182, 129, 154, 59, 86, 125, 46, 61, 193, 63, 0, 63, 59, 76, 10, 204, 232, 16, 188, 58, 182, 129, 154, 59, 91, 177, 63, 61, 193, 63, 0, 63, 235, 76, 184, 202, 82, 251, 132, 58, 163, 240, 143, 59, 91, 177, 63, 61, 210, 80, 0, 63, 235, 76, 139, 202, 232, 16, 188, 58, 182, 129, 154, 59, 86, 125, 46, 61, 193, 63, 0, 63, 59, 76, 184, 202, 82, 251, 132, 58, 163, 240, 143, 59, 86, 125, 46, 61, 210, 80, 0, 63, 59, 76, 139, 202, 82, 251, 132, 58, 163, 240, 143, 59, 91, 177, 63, 61, 210, 80, 0, 63, 235, 76, 178, 200, 111, 172, 9, 58, 47, 76, 137, 59, 91, 177, 63, 61, 230, 100, 0, 63, 235, 76, 134, 200, 82, 251, 132, 58, 163, 240, 143, 59, 86, 125, 46, 61, 210, 80, 0, 63, 59, 76, 178, 200, 111, 172, 9, 58, 47, 76, 137, 59, 86, 125, 46, 61, 230, 100, 0, 63, 59, 76, 134, 200, 143, 31, 249, 37, 50, 8, 135, 59, 91, 177, 63, 61, 0, 127, 0, 63, 235, 76, 79, 196, 193, 82, 70, 37, 50, 8, 135, 59, 86, 125, 46, 61, 0, 127, 0, 63, 59, 76, 79, 196, 111, 172, 9, 58, 47, 76, 137, 59, 91, 177, 63, 61, 230, 100, 0, 63, 235, 76, 168, 196, 111, 172, 9, 58, 47, 76, 137, 59, 86, 125, 46, 61, 230, 100, 0, 63, 59, 76, 168, 196, 171, 86, 236, 58, 206, 77, 2, 60, 91, 177, 63, 61, 63, 63, 129, 1, 235, 204, 46, 200, 231, 29, 167, 58, 129, 241, 8, 60, 91, 177, 63, 61, 46, 80, 129, 1, 235, 204, 102, 200, 171, 86, 236, 58, 206, 77, 2, 60, 86, 125, 46, 61, 63, 63, 129, 1, 59, 204, 46, 200, 231, 29, 167, 58, 129, 241, 8, 60, 86, 125, 46, 61, 46, 80, 129, 1, 59, 204, 102, 200, 231, 29, 167, 58, 129, 241, 8, 60, 91, 177, 63, 61, 46, 80, 129, 1, 235, 204, 25, 195, 29, 3, 45, 58, 0, 30, 13, 60, 91, 177, 63, 61, 26, 100, 129, 1, 235, 204, 248, 195, 231, 29, 167, 58, 129, 241, 8, 60, 86, 125, 46, 61, 46, 80, 129, 1, 59, 204, 25, 195, 29, 3, 45, 58, 0, 30, 13, 60, 86, 125, 46, 61, 26, 100, 129, 1, 59, 204, 248, 195, 29, 3, 45, 186, 0, 30, 13, 60, 91, 177, 63, 61, 0, 0, 127, 63, 10, 65, 12, 205, 29, 3, 45, 58, 0, 30, 13, 60, 91, 177, 63, 61, 0, 0, 127, 63, 197, 66, 12, 205, 231, 29, 167, 186, 129, 241, 8, 60, 91, 177, 63, 61, 0, 0, 126, 63, 59, 64, 2, 205, 111, 172, 9, 186, 217, 223, 4, 60, 91, 177, 63, 61, 0, 0, 126, 63, 55, 65, 247, 204, 171, 86, 236, 186, 206, 77, 2, 60, 91, 177, 63, 61, 0, 0, 126, 63, 20, 63, 241, 204, 82, 251, 132, 186, 159, 141, 1, 60, 91, 177, 63, 61, 0, 0, 126, 63, 146, 64, 239, 204, 232, 16, 188, 186, 42, 138, 248, 59, 91, 177, 63, 61, 0, 0, 126, 63, 5, 64, 225, 204, 34, 186, 16, 187, 106, 77, 243, 59, 91, 177, 63, 61, 0, 0, 126, 63, 3, 62, 219, 204, 52, 85, 230, 186, 197, 196, 234, 59, 91, 177, 63, 61, 0, 0, 126, 63, 50, 63, 208, 204, 33, 108, 33, 187, 86, 38, 223, 59, 91, 177, 63, 61, 0, 0, 126, 63, 88, 61, 193, 204, 131, 115, 0, 187, 120, 187, 218, 59, 91, 177, 63, 61, 0, 0, 126, 63, 170, 62, 187, 204, 231, 29, 39, 187, 240, 133, 201, 59, 91, 177, 63, 61, 0, 0, 126, 63, 30, 61, 165, 204, 125, 251, 4, 187, 240, 133, 201, 59, 91, 177, 63, 61, 0, 0, 127, 63, 124, 62, 165, 204, 131, 115, 0, 187, 105, 80, 184, 59, 91, 177, 63, 61, 0, 0, 126, 63, 170, 62, 143, 204, 33, 108, 33, 187, 139, 229, 179, 59, 91, 177, 63, 61, 0, 0, 126, 63, 88, 61, 137, 204, 52, 85, 230, 186, 28, 71, 168, 59, 91, 177, 63, 61, 0, 0, 126, 63, 50, 63, 122, 204, 34, 186, 16, 187, 119, 190, 159, 59, 91, 177, 63, 61, 0, 0, 126, 63, 3, 62, 112, 204, 232, 16, 188, 186, 182, 129, 154, 59, 91, 177, 63, 61, 0, 0, 126, 63, 5, 64, 105, 204, 82, 251, 132, 186, 163, 240, 143, 59, 91, 177, 63, 61, 0, 0, 126, 63, 146, 64, 91, 204, 171, 86, 236, 186, 70, 112, 142, 59, 91, 177, 63, 61, 0, 0, 126, 63, 20, 63, 89, 204, 111, 172, 9, 186, 47, 76, 137, 59, 91, 177, 63, 61, 0, 0, 126, 63, 55, 65, 83, 204, 34, 186, 16, 187, 119, 190, 159, 59, 86, 125, 46, 61, 176, 210, 0, 63, 59, 76, 122, 202, 34, 186, 16, 187, 119, 190, 159, 59, 91, 177, 63, 61, 176, 210, 0, 63, 235, 76, 122, 202, 171, 86, 236, 186, 70, 112, 142, 59, 86, 125, 46, 61, 193, 193, 0, 63, 59, 76, 66, 202, 171, 86, 236, 186, 70, 112, 142, 59, 91, 177, 63, 61, 193, 193, 0, 63, 235, 76, 66, 202, 33, 108, 33, 187, 139, 229, 179, 59, 86, 125, 46, 61, 156, 230, 0, 63, 59, 76, 11, 204, 33, 108, 33, 187, 139, 229, 179, 59, 91, 177, 63, 61, 156, 230, 0, 63, 235, 76, 11, 204, 34, 186, 16, 187, 119, 190, 159, 59, 86, 125, 46, 61, 176, 210, 0, 63, 59, 76, 223, 203, 34, 186, 16, 187, 119, 190, 159, 59, 91, 177, 63, 61, 176, 210, 0, 63, 235, 76, 223, 203, 231, 29, 39, 187, 240, 133, 201, 59, 86, 125, 46, 61, 129, 0, 0, 63, 59, 76, 144, 204, 231, 29, 39, 187, 240, 133, 201, 59, 91, 177, 63, 61, 129, 0, 0, 63, 235, 76, 144, 204, 33, 108, 33, 187, 139, 229, 179, 59, 86, 125, 46, 61, 156, 230, 0, 63, 59, 76, 116, 204, 33, 108, 33, 187, 139, 229, 179, 59, 91, 177, 63, 61, 156, 230, 0, 63, 235, 76, 116, 204, 33, 108, 33, 187, 86, 38, 223, 59, 86, 125, 46, 61, 156, 26, 0, 63, 59, 76, 193, 204, 33, 108, 33, 187, 86, 38, 223, 59, 91, 177, 63, 61, 156, 26, 0, 63, 235, 76, 193, 204, 231, 29, 39, 187, 240, 133, 201, 59, 86, 125, 46, 61, 129, 0, 0, 63, 59, 76, 165, 204, 231, 29, 39, 187, 240, 133, 201, 59, 91, 177, 63, 61, 129, 0, 0, 63, 235, 76, 165, 204, 34, 186, 16, 187, 106, 77, 243, 59, 91, 177, 63, 61, 176, 46, 0, 63, 235, 76, 156, 204, 33, 108, 33, 187, 86, 38, 223, 59, 91, 177, 63, 61, 156, 26, 0, 63, 235, 76, 128, 204, 34, 186, 16, 187, 106, 77, 243, 59, 86, 125, 46, 61, 176, 46, 0, 63, 59, 76, 156, 204, 33, 108, 33, 187, 86, 38, 223, 59, 86, 125, 46, 61, 156, 26, 0, 63, 59, 76, 128, 204, 171, 86, 236, 186, 206, 77, 2, 60, 86, 125, 46, 61, 193, 63, 0, 63, 59, 76, 35, 204, 171, 86, 236, 186, 206, 77, 2, 60, 91, 177, 63, 61, 193, 63, 0, 63, 235, 76, 35, 204, 34, 186, 16, 187, 106, 77, 243, 59, 86, 125, 46, 61, 176, 46, 0, 63, 59, 76, 7, 204, 34, 186, 16, 187, 106, 77, 243, 59, 91, 177, 63, 61, 176, 46, 0, 63, 235, 76, 7, 204, 171, 86, 236, 186, 206, 77, 2, 60, 91, 177, 63, 61, 193, 63, 0, 63, 235, 76, 134, 202, 171, 86, 236, 186, 206, 77, 2, 60, 86, 125, 46, 61, 193, 63, 0, 63, 59, 76, 134, 202, 231, 29, 167, 186, 129, 241, 8, 60, 91, 177, 63, 61, 210, 80, 0, 63, 235, 76, 190, 202, 231, 29, 167, 186, 129, 241, 8, 60, 86, 125, 46, 61, 210, 80, 0, 63, 59, 76, 190, 202, 231, 29, 167, 186, 129, 241, 8, 60, 91, 177, 63, 61, 210, 80, 0, 63, 235, 76, 128, 200, 231, 29, 167, 186, 129, 241, 8, 60, 86, 125, 46, 61, 210, 80, 0, 63, 59, 76, 128, 200, 29, 3, 45, 186, 0, 30, 13, 60, 91, 177, 63, 61, 230, 100, 0, 63, 235, 76, 184, 200, 29, 3, 45, 186, 0, 30, 13, 60, 86, 125, 46, 61, 230, 100, 0, 63, 59, 76, 184, 200, 29, 3, 45, 186, 0, 30, 13, 60, 91, 177, 63, 61, 230, 100, 0, 63, 235, 76, 68, 196, 29, 3, 45, 186, 0, 30, 13, 60, 86, 125, 46, 61, 230, 100, 0, 63, 59, 76, 68, 196, 143, 31, 249, 37, 114, 138, 14, 60, 91, 177, 63, 61, 0, 127, 0, 63, 235, 76, 179, 196, 193, 82, 70, 37, 114, 138, 14, 60, 86, 125, 46, 61, 0, 127, 0, 63, 59, 76, 179, 196, 143, 31, 249, 37, 114, 138, 14, 60, 91, 177, 63, 61, 0, 0, 127, 63, 231, 65, 16, 205, 143, 31, 249, 37, 114, 138, 14, 60, 91, 177, 63, 61, 0, 127, 129, 127, 235, 204, 156, 60, 193, 82, 70, 37, 114, 138, 14, 60, 86, 125, 46, 61, 0, 127, 129, 127, 59, 204, 156, 60, 29, 3, 45, 58, 0, 30, 13, 60, 91, 177, 63, 61, 26, 100, 129, 127, 235, 204, 91, 62, 29, 3, 45, 58, 0, 30, 13, 60, 86, 125, 46, 61, 26, 100, 129, 1, 59, 204, 91, 62, 231, 29, 167, 186, 223, 40, 129, 59, 86, 125, 46, 61, 210, 176, 0, 63, 59, 76, 46, 200, 171, 86, 236, 186, 70, 112, 142, 59, 86, 125, 46, 61, 193, 193, 0, 63, 59, 76, 102, 200, 231, 29, 167, 186, 223, 40, 129, 59, 91, 177, 63, 61, 210, 176, 0, 63, 235, 76, 46, 200, 171, 86, 236, 186, 70, 112, 142, 59, 91, 177, 63, 61, 193, 193, 0, 63, 235, 76, 102, 200, 29, 3, 45, 186, 192, 159, 113, 59, 86, 125, 46, 61, 230, 156, 0, 63, 59, 76, 25, 195, 231, 29, 167, 186, 223, 40, 129, 59, 86, 125, 46, 61, 210, 176, 0, 63, 59, 76, 248, 195, 29, 3, 45, 186, 192, 159, 113, 59, 91, 177, 63, 61, 230, 156, 0, 63, 235, 76, 25, 195, 231, 29, 167, 186, 223, 40, 129, 59, 91, 177, 63, 61, 210, 176, 0, 63, 235, 76, 248, 195, 193, 82, 70, 37, 250, 237, 107, 59, 86, 125, 46, 61, 0, 129, 0, 63, 59, 76, 91, 62, 29, 3, 45, 186, 192, 159, 113, 59, 86, 125, 46, 61, 230, 156, 0, 63, 59, 76, 156, 60, 143, 31, 249, 37, 250, 237, 107, 59, 91, 177, 63, 61, 0, 129, 0, 63, 235, 76, 91, 62, 29, 3, 45, 186, 192, 159, 113, 59, 91, 177, 63, 61, 230, 156, 0, 63, 235, 76, 156, 60, 52, 85, 230, 186, 28, 71, 168, 59, 91, 177, 63, 61, 80, 46, 129, 1, 235, 204, 229, 203, 131, 115, 0, 187, 105, 80, 184, 59, 91, 177, 63, 61, 100, 26, 129, 1, 235, 204, 8, 204, 52, 85, 230, 186, 28, 71, 168, 59, 86, 125, 46, 61, 80, 46, 129, 1, 59, 204, 229, 203, 131, 115, 0, 187, 105, 80, 184, 59, 86, 125, 46, 61, 100, 26, 129, 1, 59, 204, 8, 204, 131, 115, 0, 187, 105, 80, 184, 59, 86, 125, 46, 61, 100, 26, 129, 1, 59, 204, 119, 204, 131, 115, 0, 187, 105, 80, 184, 59, 91, 177, 63, 61, 100, 26, 129, 1, 235, 204, 119, 204, 125, 251, 4, 187, 240, 133, 201, 59, 86, 125, 46, 61, 127, 0, 129, 127, 59, 204, 141, 204, 125, 251, 4, 187, 240, 133, 201, 59, 91, 177, 63, 61, 127, 0, 129, 127, 235, 204, 141, 204, 125, 251, 4, 187, 240, 133, 201, 59, 86, 125, 46, 61, 127, 0, 129, 127, 59, 204, 168, 204, 125, 251, 4, 187, 240, 133, 201, 59, 91, 177, 63, 61, 127, 0, 129, 127, 235, 204, 168, 204, 131, 115, 0, 187, 120, 187, 218, 59, 86, 125, 46, 61, 100, 230, 129, 127, 59, 204, 190, 204, 131, 115, 0, 187, 120, 187, 218, 59, 91, 177, 63, 61, 100, 230, 129, 127, 235, 204, 190, 204, 131, 115, 0, 187, 120, 187, 218, 59, 86, 125, 46, 61, 100, 230, 129, 127, 59, 204, 131, 204, 131, 115, 0, 187, 120, 187, 218, 59, 91, 177, 63, 61, 100, 230, 129, 127, 235, 204, 131, 204, 52, 85, 230, 186, 197, 196, 234, 59, 86, 125, 46, 61, 80, 210, 129, 127, 59, 204, 153, 204, 52, 85, 230, 186, 197, 196, 234, 59, 91, 177, 63, 61, 80, 210, 129, 127, 235, 204, 153, 204, 52, 85, 230, 186, 197, 196, 234, 59, 86, 125, 46, 61, 80, 210, 129, 127, 59, 204, 10, 204, 52, 85, 230, 186, 197, 196, 234, 59, 91, 177, 63, 61, 80, 210, 129, 127, 235, 204, 10, 204, 232, 16, 188, 186, 42, 138, 248, 59, 86, 125, 46, 61, 63, 193, 129, 127, 59, 204, 32, 204, 232, 16, 188, 186, 42, 138, 248, 59, 91, 177, 63, 61, 63, 193, 129, 127, 235, 204, 32, 204, 82, 251, 132, 186, 159, 141, 1, 60, 86, 125, 46, 61, 46, 176, 129, 127, 59, 204, 184, 202, 232, 16, 188, 186, 42, 138, 248, 59, 86, 125, 46, 61, 63, 193, 129, 127, 59, 204, 139, 202, 82, 251, 132, 186, 159, 141, 1, 60, 91, 177, 63, 61, 46, 176, 129, 127, 235, 204, 184, 202, 232, 16, 188, 186, 42, 138, 248, 59, 91, 177, 63, 61, 63, 193, 129, 127, 235, 204, 139, 202, 111, 172, 9, 186, 217, 223, 4, 60, 86, 125, 46, 61, 26, 156, 129, 127, 59, 204, 178, 200, 82, 251, 132, 186, 159, 141, 1, 60, 86, 125, 46, 61, 46, 176, 129, 127, 59, 204, 134, 200, 111, 172, 9, 186, 217, 223, 4, 60, 91, 177, 63, 61, 26, 156, 129, 127, 235, 204, 178, 200, 82, 251, 132, 186, 159, 141, 1, 60, 91, 177, 63, 61, 46, 176, 129, 127, 235, 204, 134, 200, 193, 82, 70, 37, 215, 1, 6, 60, 86, 125, 46, 61, 0, 129, 129, 127, 59, 204, 168, 196, 111, 172, 9, 186, 217, 223, 4, 60, 86, 125, 46, 61, 26, 156, 129, 127, 59, 204, 79, 196, 143, 31, 249, 37, 215, 1, 6, 60, 91, 177, 63, 61, 0, 129, 129, 127, 235, 204, 168, 196, 111, 172, 9, 186, 217, 223, 4, 60, 91, 177, 63, 61, 26, 156, 129, 127, 235, 204, 79, 196 ),
"array_index_data": PoolByteArray( 0, 0, 1, 0, 2, 0, 2, 0, 1, 0, 3, 0, 4, 0, 5, 0, 6, 0, 6, 0, 5, 0, 7, 0, 8, 0, 9, 0, 10, 0, 11, 0, 9, 0, 8, 0, 11, 0, 12, 0, 9, 0, 11, 0, 13, 0, 12, 0, 14, 0, 15, 0, 16, 0, 16, 0, 15, 0, 17, 0, 18, 0, 19, 0, 20, 0, 20, 0, 19, 0, 21, 0, 22, 0, 23, 0, 24, 0, 24, 0, 23, 0, 25, 0, 26, 0, 27, 0, 28, 0, 28, 0, 27, 0, 29, 0, 30, 0, 31, 0, 32, 0, 32, 0, 31, 0, 33, 0, 34, 0, 35, 0, 36, 0, 36, 0, 35, 0, 37, 0, 38, 0, 39, 0, 40, 0, 40, 0, 39, 0, 41, 0, 42, 0, 43, 0, 44, 0, 44, 0, 43, 0, 45, 0, 46, 0, 47, 0, 48, 0, 48, 0, 47, 0, 49, 0, 50, 0, 51, 0, 52, 0, 52, 0, 51, 0, 53, 0, 54, 0, 55, 0, 56, 0, 56, 0, 55, 0, 57, 0, 58, 0, 59, 0, 60, 0, 60, 0, 59, 0, 61, 0, 8, 0, 62, 0, 63, 0, 8, 0, 64, 0, 62, 0, 8, 0, 10, 0, 64, 0, 65, 0, 64, 0, 10, 0, 65, 0, 66, 0, 64, 0, 67, 0, 66, 0, 65, 0, 68, 0, 66, 0, 67, 0, 68, 0, 69, 0, 66, 0, 70, 0, 69, 0, 68, 0, 70, 0, 71, 0, 69, 0, 72, 0, 71, 0, 70, 0, 72, 0, 73, 0, 71, 0, 74, 0, 73, 0, 72, 0, 75, 0, 73, 0, 74, 0, 75, 0, 76, 0, 73, 0, 77, 0, 76, 0, 75, 0, 77, 0, 78, 0, 76, 0, 79, 0, 78, 0, 77, 0, 80, 0, 78, 0, 79, 0, 80, 0, 81, 0, 78, 0, 82, 0, 81, 0, 80, 0, 83, 0, 84, 0, 85, 0, 85, 0, 84, 0, 86, 0, 87, 0, 88, 0, 89, 0, 89, 0, 88, 0, 90, 0, 91, 0, 92, 0, 93, 0, 93, 0, 92, 0, 94, 0, 95, 0, 96, 0, 97, 0, 97, 0, 96, 0, 98, 0, 99, 0, 100, 0, 101, 0, 101, 0, 100, 0, 102, 0, 103, 0, 104, 0, 105, 0, 105, 0, 104, 0, 106, 0, 107, 0, 108, 0, 109, 0, 109, 0, 108, 0, 110, 0, 111, 0, 112, 0, 113, 0, 113, 0, 112, 0, 114, 0, 115, 0, 116, 0, 117, 0, 117, 0, 116, 0, 118, 0, 63, 0, 62, 0, 119, 0, 120, 0, 121, 0, 122, 0, 122, 0, 121, 0, 123, 0, 124, 0, 125, 0, 126, 0, 126, 0, 125, 0, 127, 0, 128, 0, 129, 0, 130, 0, 130, 0, 129, 0, 131, 0, 132, 0, 133, 0, 134, 0, 134, 0, 133, 0, 135, 0, 136, 0, 137, 0, 138, 0, 138, 0, 137, 0, 139, 0, 140, 0, 141, 0, 142, 0, 142, 0, 141, 0, 143, 0, 144, 0, 145, 0, 146, 0, 146, 0, 145, 0, 147, 0, 148, 0, 149, 0, 150, 0, 150, 0, 149, 0, 151, 0, 152, 0, 153, 0, 154, 0, 154, 0, 153, 0, 155, 0, 156, 0, 157, 0, 158, 0, 158, 0, 157, 0, 159, 0, 160, 0, 161, 0, 162, 0, 162, 0, 161, 0, 163, 0, 164, 0, 165, 0, 166, 0, 166, 0, 165, 0, 167, 0 ),
"blend_shape_data": [  ],
"format": 2194711,
"index_count": 288,
"material": ExtResource( 5 ),
"name": "Gray5",
"primitive": 4,
"skeleton_aabb": [  ],
"vertex_count": 168
}
surfaces/19 = {
"aabb": AABB( -0.0045, -0.0009, -0.0228, 0.009, 0.0114, 0.03841 ),
"array_data": PoolByteArray( 36, 151, 127, 59, 156, 51, 34, 60, 36, 151, 127, 60, 127, 129, 129, 63, 131, 197, 67, 205, 188, 116, 147, 59, 49, 8, 44, 60, 36, 151, 127, 60, 127, 129, 129, 63, 231, 197, 92, 205, 188, 116, 147, 187, 49, 8, 44, 60, 36, 151, 127, 60, 127, 129, 130, 63, 0, 0, 92, 205, 36, 151, 127, 187, 156, 51, 34, 60, 36, 151, 127, 60, 127, 129, 130, 63, 76, 182, 67, 205, 36, 151, 127, 187, 82, 73, 157, 185, 36, 151, 127, 60, 127, 129, 130, 63, 76, 182, 45, 203, 188, 116, 147, 59, 49, 8, 44, 60, 250, 237, 107, 60, 0, 0, 126, 63, 231, 69, 92, 205, 36, 151, 127, 59, 82, 73, 157, 185, 250, 237, 107, 60, 0, 0, 126, 63, 131, 69, 45, 203, 36, 151, 127, 59, 156, 51, 34, 60, 250, 237, 107, 60, 0, 0, 126, 63, 131, 69, 67, 205, 36, 151, 127, 187, 156, 51, 34, 60, 250, 237, 107, 60, 0, 0, 127, 63, 76, 54, 67, 205, 188, 116, 147, 187, 49, 8, 44, 60, 250, 237, 107, 60, 0, 0, 127, 63, 0, 0, 92, 205, 208, 68, 88, 59, 49, 8, 44, 60, 250, 237, 107, 60, 0, 0, 127, 193, 30, 69, 92, 205, 188, 116, 147, 59, 49, 8, 44, 60, 17, 199, 186, 188, 0, 127, 127, 63, 231, 69, 62, 206, 188, 116, 147, 59, 49, 8, 44, 60, 250, 237, 107, 60, 0, 127, 126, 63, 231, 69, 153, 184, 208, 68, 88, 59, 49, 8, 44, 60, 17, 199, 186, 188, 0, 127, 126, 63, 30, 69, 62, 206, 208, 68, 88, 59, 49, 8, 44, 60, 221, 181, 132, 188, 0, 127, 126, 63, 30, 69, 41, 205, 208, 68, 88, 187, 49, 8, 44, 60, 221, 181, 132, 188, 0, 127, 127, 63, 76, 58, 41, 205, 208, 68, 88, 187, 49, 8, 44, 60, 221, 181, 132, 188, 0, 127, 126, 63, 76, 58, 41, 205, 188, 116, 147, 59, 49, 8, 44, 60, 250, 237, 107, 60, 0, 127, 126, 63, 231, 69, 153, 184, 208, 68, 88, 187, 49, 8, 44, 60, 17, 199, 186, 188, 0, 127, 126, 63, 76, 58, 62, 206, 208, 68, 88, 187, 49, 8, 44, 60, 17, 199, 186, 188, 0, 127, 127, 63, 76, 58, 62, 206, 188, 116, 147, 59, 49, 8, 44, 60, 250, 237, 107, 60, 0, 127, 127, 63, 231, 69, 153, 184, 188, 116, 147, 187, 49, 8, 44, 60, 17, 199, 186, 188, 0, 127, 127, 63, 0, 0, 62, 206, 188, 116, 147, 187, 49, 8, 44, 60, 250, 237, 107, 60, 0, 127, 127, 63, 0, 0, 153, 184, 208, 68, 88, 187, 49, 8, 44, 60, 250, 237, 107, 60, 0, 127, 127, 63, 76, 58, 153, 184, 208, 68, 88, 187, 49, 8, 44, 60, 250, 237, 107, 60, 0, 127, 127, 63, 76, 58, 153, 184, 188, 116, 147, 59, 49, 8, 44, 60, 250, 237, 107, 60, 0, 127, 127, 63, 231, 69, 153, 184, 208, 68, 88, 187, 49, 8, 44, 60, 36, 151, 255, 59, 0, 127, 127, 63, 76, 58, 231, 196, 208, 68, 88, 59, 49, 8, 44, 60, 36, 151, 255, 59, 0, 127, 127, 63, 30, 69, 231, 196, 208, 68, 88, 59, 49, 8, 44, 60, 36, 151, 255, 59, 0, 127, 127, 63, 30, 69, 231, 196, 188, 116, 147, 59, 49, 8, 44, 60, 250, 237, 107, 60, 0, 127, 127, 63, 231, 69, 153, 184, 208, 68, 88, 59, 49, 8, 44, 60, 250, 237, 107, 60, 0, 127, 127, 63, 30, 69, 153, 184, 208, 68, 88, 59, 250, 237, 107, 186, 17, 199, 186, 188, 127, 127, 129, 63, 30, 197, 250, 202, 188, 116, 147, 59, 250, 237, 107, 186, 17, 199, 186, 188, 127, 127, 129, 63, 231, 197, 250, 202, 208, 68, 88, 59, 49, 8, 44, 60, 17, 199, 186, 188, 127, 127, 129, 63, 30, 197, 92, 205, 188, 116, 147, 59, 49, 8, 44, 60, 17, 199, 186, 188, 127, 127, 129, 63, 231, 197, 92, 205 ),
"array_index_data": PoolByteArray( 0, 0, 1, 0, 2, 0, 2, 0, 3, 0, 0, 0, 2, 0, 4, 0, 3, 0, 5, 0, 6, 0, 7, 0, 5, 0, 7, 0, 8, 0, 8, 0, 9, 0, 5, 0, 5, 0, 9, 0, 10, 0, 11, 0, 12, 0, 13, 0, 13, 0, 12, 0, 14, 0, 14, 0, 12, 0, 15, 0, 16, 0, 17, 0, 18, 0, 19, 0, 20, 0, 21, 0, 21, 0, 20, 0, 22, 0, 22, 0, 20, 0, 23, 0, 24, 0, 25, 0, 26, 0, 26, 0, 25, 0, 27, 0, 28, 0, 29, 0, 30, 0, 31, 0, 32, 0, 33, 0, 33, 0, 32, 0, 34, 0 ),
"blend_shape_data": [  ],
"format": 2194711,
"index_count": 57,
"material": ExtResource( 7 ),
"name": "Gray6",
"primitive": 4,
"skeleton_aabb": [  ],
"vertex_count": 35
}
surfaces/20 = {
"aabb": AABB( -0.0045, -0.0147, -0.0468, 0.009, 0.0252, 0.02401 ),
"array_data": PoolByteArray( 208, 68, 88, 59, 250, 237, 107, 186, 17, 199, 186, 188, 120, 0, 126, 3, 141, 78, 250, 202, 208, 68, 88, 59, 49, 8, 44, 60, 17, 199, 186, 188, 120, 0, 126, 3, 141, 78, 92, 205, 188, 116, 147, 59, 69, 216, 112, 188, 91, 177, 63, 189, 120, 0, 126, 3, 63, 81, 231, 196, 188, 116, 147, 59, 49, 8, 44, 60, 91, 177, 63, 189, 120, 0, 127, 3, 63, 81, 92, 205, 208, 68, 88, 187, 250, 237, 107, 186, 17, 199, 186, 188, 0, 176, 127, 63, 76, 58, 4, 76, 208, 68, 88, 59, 250, 237, 107, 186, 17, 199, 186, 188, 0, 176, 127, 63, 30, 69, 4, 76, 188, 116, 147, 187, 69, 216, 112, 188, 91, 177, 63, 189, 0, 176, 127, 63, 0, 0, 71, 80, 188, 116, 147, 59, 69, 216, 112, 188, 91, 177, 63, 189, 0, 176, 127, 63, 231, 69, 71, 80, 208, 68, 88, 187, 49, 8, 44, 60, 17, 199, 186, 188, 136, 0, 6, 63, 122, 206, 92, 205, 208, 68, 88, 187, 250, 237, 107, 186, 17, 199, 186, 188, 136, 0, 6, 63, 122, 206, 250, 202, 188, 116, 147, 187, 49, 8, 44, 60, 91, 177, 63, 189, 136, 0, 6, 63, 53, 209, 92, 205, 188, 116, 147, 187, 69, 216, 112, 188, 91, 177, 63, 189, 136, 0, 6, 63, 53, 209, 231, 196 ),
"array_index_data": PoolByteArray( 0, 0, 1, 0, 2, 0, 2, 0, 1, 0, 3, 0, 4, 0, 5, 0, 6, 0, 6, 0, 5, 0, 7, 0, 8, 0, 9, 0, 10, 0, 10, 0, 9, 0, 11, 0 ),
"blend_shape_data": [  ],
"format": 2194711,
"index_count": 18,
"material": ExtResource( 3 ),
"name": "Gray8",
"primitive": 4,
"skeleton_aabb": [  ],
"vertex_count": 12
}
surfaces/21 = {
"aabb": AABB( -0.0045, -0.0009, -0.0228, 0.00121, 0.0114, 1.00005e-05 ),
"array_data": PoolByteArray( 208, 68, 88, 187, 250, 237, 107, 186, 17, 199, 186, 188, 127, 127, 129, 63, 76, 186, 250, 202, 208, 68, 88, 187, 49, 8, 44, 60, 17, 199, 186, 188, 127, 127, 129, 63, 76, 186, 92, 205, 188, 116, 147, 187, 250, 237, 107, 186, 17, 199, 186, 188, 127, 127, 129, 63, 0, 0, 250, 202, 188, 116, 147, 187, 49, 8, 44, 60, 17, 199, 186, 188, 127, 127, 129, 63, 0, 0, 92, 205 ),
"array_index_data": PoolByteArray( 0, 0, 1, 0, 2, 0, 2, 0, 1, 0, 3, 0 ),
"blend_shape_data": [  ],
"format": 2194711,
"index_count": 6,
"material": ExtResource( 7 ),
"name": "Gray6",
"primitive": 4,
"skeleton_aabb": [  ],
"vertex_count": 4
}
surfaces/22 = {
"aabb": AABB( -0.0045, 0.0105, -0.0468, 0.009, 9.99961e-06, 0.02401 ),
"array_data": PoolByteArray( 208, 68, 88, 59, 49, 8, 44, 60, 17, 199, 186, 188, 0, 127, 127, 63, 30, 69, 62, 206, 208, 68, 88, 187, 49, 8, 44, 60, 17, 199, 186, 188, 0, 127, 127, 63, 76, 58, 62, 206, 188, 116, 147, 59, 49, 8, 44, 60, 91, 177, 63, 189, 0, 127, 127, 63, 231, 69, 23, 209, 188, 116, 147, 187, 49, 8, 44, 60, 91, 177, 63, 189, 0, 127, 127, 63, 0, 0, 23, 209 ),
"array_index_data": PoolByteArray( 0, 0, 1, 0, 2, 0, 2, 0, 1, 0, 3, 0 ),
"blend_shape_data": [  ],
"format": 2194711,
"index_count": 6,
"material": ExtResource( 3 ),
"name": "Gray8",
"primitive": 4,
"skeleton_aabb": [  ],
"vertex_count": 4
}
surfaces/23 = {
"aabb": AABB( -0.0045, 0.0105, -0.0228, 0.0078, 0.0102, 0.0372 ),
"array_data": PoolByteArray( 208, 68, 88, 187, 49, 8, 44, 60, 17, 199, 186, 188, 0, 127, 127, 63, 76, 58, 62, 206, 208, 68, 88, 59, 49, 8, 44, 60, 17, 199, 186, 188, 0, 127, 127, 63, 30, 69, 62, 206, 208, 68, 88, 187, 49, 8, 44, 60, 221, 181, 132, 188, 0, 127, 127, 63, 76, 58, 41, 205, 208, 68, 88, 59, 49, 8, 44, 60, 221, 181, 132, 188, 0, 127, 127, 63, 30, 69, 41, 205, 208, 68, 88, 187, 49, 8, 44, 60, 17, 199, 186, 188, 86, 127, 129, 63, 76, 186, 30, 200, 208, 68, 88, 59, 49, 8, 44, 60, 17, 199, 186, 188, 86, 127, 129, 63, 30, 197, 30, 200, 208, 68, 88, 187, 12, 147, 169, 60, 188, 116, 147, 188, 86, 127, 129, 63, 76, 186, 209, 203, 208, 68, 88, 59, 12, 147, 169, 60, 188, 116, 147, 188, 86, 127, 129, 63, 30, 197, 209, 203, 208, 68, 88, 187, 230, 117, 132, 60, 252, 119, 88, 188, 129, 0, 0, 63, 236, 204, 74, 206, 208, 68, 88, 187, 49, 8, 44, 60, 221, 181, 132, 188, 129, 0, 0, 63, 105, 205, 92, 205, 208, 68, 88, 187, 230, 117, 132, 60, 163, 236, 169, 59, 129, 0, 0, 63, 158, 199, 74, 206, 208, 68, 88, 187, 49, 8, 44, 60, 36, 151, 255, 59, 129, 0, 0, 63, 231, 197, 92, 205, 208, 68, 88, 187, 49, 8, 44, 60, 250, 237, 107, 60, 129, 0, 127, 193, 76, 190, 92, 205, 208, 68, 88, 187, 49, 8, 44, 60, 250, 237, 107, 60, 129, 0, 0, 63, 76, 190, 92, 205, 208, 68, 88, 187, 49, 8, 44, 60, 221, 181, 132, 188, 129, 0, 0, 63, 105, 205, 92, 205, 208, 68, 88, 187, 12, 147, 169, 60, 231, 29, 39, 60, 129, 0, 0, 63, 84, 196, 8, 207, 208, 68, 88, 187, 12, 147, 169, 60, 188, 116, 147, 188, 129, 0, 0, 63, 181, 205, 8, 207, 208, 68, 88, 187, 49, 8, 44, 60, 17, 199, 186, 188, 129, 0, 0, 63, 126, 206, 92, 205, 208, 68, 88, 187, 49, 8, 44, 60, 221, 181, 132, 188, 0, 213, 127, 63, 76, 58, 96, 200, 208, 68, 88, 187, 230, 117, 132, 60, 252, 119, 88, 188, 0, 213, 127, 63, 76, 58, 123, 202, 208, 68, 88, 59, 49, 8, 44, 60, 221, 181, 132, 188, 0, 213, 127, 63, 30, 69, 96, 200, 208, 68, 88, 59, 230, 117, 132, 60, 252, 119, 88, 188, 0, 213, 127, 63, 30, 69, 123, 202, 208, 68, 88, 59, 12, 147, 169, 60, 231, 29, 39, 60, 127, 0, 127, 127, 84, 68, 8, 207, 208, 68, 88, 59, 12, 147, 169, 60, 188, 116, 147, 188, 127, 0, 127, 127, 181, 77, 8, 207, 208, 68, 88, 59, 49, 8, 44, 60, 250, 237, 107, 60, 127, 0, 127, 127, 76, 62, 92, 205, 208, 68, 88, 59, 49, 8, 44, 60, 36, 151, 255, 59, 127, 0, 127, 127, 231, 69, 92, 205, 208, 68, 88, 59, 49, 8, 44, 60, 36, 151, 255, 59, 127, 0, 126, 127, 231, 69, 92, 205, 208, 68, 88, 59, 12, 147, 169, 60, 188, 116, 147, 188, 127, 0, 126, 127, 181, 77, 8, 207, 208, 68, 88, 59, 230, 117, 132, 60, 163, 236, 169, 59, 127, 0, 126, 127, 158, 71, 74, 206, 208, 68, 88, 59, 230, 117, 132, 60, 163, 236, 169, 59, 127, 0, 127, 127, 158, 71, 74, 206, 208, 68, 88, 59, 12, 147, 169, 60, 188, 116, 147, 188, 127, 0, 126, 127, 181, 77, 8, 207, 208, 68, 88, 59, 230, 117, 132, 60, 252, 119, 88, 188, 127, 0, 126, 127, 236, 76, 74, 206, 208, 68, 88, 59, 49, 8, 44, 60, 221, 181, 132, 188, 127, 0, 126, 127, 105, 77, 92, 205, 208, 68, 88, 59, 49, 8, 44, 60, 17, 199, 186, 188, 127, 0, 127, 127, 126, 78, 92, 205, 208, 68, 88, 187, 12, 147, 169, 60, 188, 116, 147, 188, 0, 127, 127, 63, 76, 58, 117, 205, 208, 68, 88, 59, 12, 147, 169, 60, 188, 116, 147, 188, 0, 127, 127, 63, 30, 69, 117, 205, 208, 68, 88, 187, 12, 147, 169, 60, 231, 29, 39, 60, 0, 127, 127, 63, 76, 58, 169, 194, 208, 68, 88, 59, 12, 147, 169, 60, 231, 29, 39, 60, 0, 127, 127, 63, 30, 69, 169, 194, 208, 68, 88, 187, 49, 8, 44, 60, 250, 237, 107, 60, 0, 37, 127, 63, 76, 58, 22, 205, 208, 68, 88, 187, 12, 147, 169, 60, 231, 29, 39, 60, 0, 37, 127, 63, 76, 58, 229, 206, 208, 68, 88, 59, 49, 8, 44, 60, 250, 237, 107, 60, 0, 37, 127, 63, 30, 69, 22, 205, 208, 68, 88, 59, 12, 147, 169, 60, 231, 29, 39, 60, 0, 37, 127, 63, 30, 69, 229, 206, 208, 68, 88, 187, 49, 8, 44, 60, 36, 151, 255, 59, 0, 127, 127, 63, 76, 58, 231, 196, 208, 68, 88, 59, 49, 8, 44, 60, 36, 151, 255, 59, 0, 127, 127, 63, 30, 69, 231, 196, 208, 68, 88, 187, 49, 8, 44, 60, 250, 237, 107, 60, 0, 127, 127, 63, 76, 58, 153, 184, 208, 68, 88, 59, 49, 8, 44, 60, 250, 237, 107, 60, 0, 127, 127, 63, 30, 69, 153, 184, 208, 68, 88, 187, 49, 8, 44, 60, 36, 151, 255, 59, 86, 129, 129, 63, 76, 186, 118, 205, 208, 68, 88, 59, 49, 8, 44, 60, 36, 151, 255, 59, 86, 129, 129, 63, 30, 197, 118, 205, 208, 68, 88, 187, 230, 117, 132, 60, 163, 236, 169, 59, 86, 129, 129, 63, 76, 186, 124, 206, 208, 68, 88, 59, 230, 117, 132, 60, 163, 236, 169, 59, 86, 129, 129, 63, 30, 197, 124, 206, 208, 68, 88, 187, 230, 117, 132, 60, 163, 236, 169, 59, 0, 129, 129, 63, 76, 186, 158, 198, 208, 68, 88, 59, 230, 117, 132, 60, 163, 236, 169, 59, 0, 129, 129, 63, 30, 197, 158, 198, 208, 68, 88, 187, 230, 117, 132, 60, 252, 119, 88, 188, 0, 129, 129, 63, 76, 186, 172, 204, 208, 68, 88, 59, 230, 117, 132, 60, 252, 119, 88, 188, 0, 129, 129, 63, 30, 197, 172, 204, 208, 68, 88, 59, 49, 8, 44, 60, 250, 237, 107, 60, 0, 0, 127, 193, 30, 69, 92, 205, 188, 116, 147, 187, 49, 8, 44, 60, 250, 237, 107, 60, 0, 0, 127, 193, 0, 0, 92, 205, 208, 68, 88, 187, 49, 8, 44, 60, 250, 237, 107, 60, 0, 0, 127, 193, 76, 58, 92, 205 ),
"array_index_data": PoolByteArray( 0, 0, 1, 0, 2, 0, 2, 0, 1, 0, 3, 0, 4, 0, 5, 0, 6, 0, 6, 0, 5, 0, 7, 0, 8, 0, 9, 0, 10, 0, 10, 0, 9, 0, 11, 0, 11, 0, 9, 0, 12, 0, 13, 0, 14, 0, 15, 0, 15, 0, 14, 0, 16, 0, 16, 0, 14, 0, 17, 0, 18, 0, 19, 0, 20, 0, 20, 0, 19, 0, 21, 0, 22, 0, 23, 0, 24, 0, 24, 0, 23, 0, 25, 0, 26, 0, 27, 0, 28, 0, 29, 0, 30, 0, 31, 0, 31, 0, 30, 0, 32, 0, 32, 0, 30, 0, 33, 0, 34, 0, 35, 0, 36, 0, 36, 0, 35, 0, 37, 0, 38, 0, 39, 0, 40, 0, 40, 0, 39, 0, 41, 0, 42, 0, 43, 0, 44, 0, 44, 0, 43, 0, 45, 0, 46, 0, 47, 0, 48, 0, 48, 0, 47, 0, 49, 0, 50, 0, 51, 0, 52, 0, 52, 0, 51, 0, 53, 0, 54, 0, 55, 0, 56, 0 ),
"blend_shape_data": [  ],
"format": 2194711,
"index_count": 87,
"material": ExtResource( 7 ),
"name": "Gray6",
"primitive": 4,
"skeleton_aabb": [  ],
"vertex_count": 57
}
surfaces/24 = {
"aabb": AABB( -0.0045, -0.0147, -0.0468, 0.009, 0.02521, 9.99868e-06 ),
"array_data": PoolByteArray( 188, 116, 147, 187, 49, 8, 44, 60, 91, 177, 63, 189, 127, 127, 129, 63, 0, 0, 92, 205, 188, 116, 147, 187, 69, 216, 112, 188, 91, 177, 63, 189, 127, 127, 129, 63, 0, 0, 231, 196, 188, 116, 147, 59, 49, 8, 44, 60, 91, 177, 63, 189, 127, 127, 129, 63, 231, 197, 92, 205, 188, 116, 147, 59, 69, 216, 112, 188, 91, 177, 63, 189, 127, 127, 129, 63, 231, 197, 231, 196 ),
"array_index_data": PoolByteArray( 0, 0, 1, 0, 2, 0, 2, 0, 1, 0, 3, 0 ),
"blend_shape_data": [  ],
"format": 2194711,
"index_count": 6,
"material": ExtResource( 3 ),
"name": "Gray8",
"primitive": 4,
"skeleton_aabb": [  ],
"vertex_count": 4
}
surfaces/25 = {
"aabb": AABB( -0.0045, -0.0045, -0.00174201, 0.009, 0.0036, 0.016142 ),
"array_data": PoolByteArray( 36, 151, 127, 187, 188, 116, 147, 187, 101, 25, 98, 60, 0, 129, 130, 63, 76, 182, 191, 187, 188, 116, 147, 187, 188, 116, 147, 187, 250, 237, 107, 60, 0, 129, 130, 63, 0, 0, 153, 184, 188, 116, 147, 59, 188, 116, 147, 187, 250, 237, 107, 60, 0, 129, 129, 63, 231, 197, 153, 184, 36, 151, 127, 187, 188, 116, 147, 187, 127, 175, 149, 186, 0, 129, 129, 63, 76, 182, 98, 201, 188, 116, 147, 187, 188, 116, 147, 187, 40, 84, 228, 186, 0, 129, 129, 63, 0, 0, 149, 201, 188, 116, 147, 59, 188, 116, 147, 187, 40, 84, 228, 186, 0, 129, 130, 63, 231, 197, 149, 201, 36, 151, 127, 59, 188, 116, 147, 187, 127, 175, 149, 186, 0, 129, 130, 63, 131, 197, 98, 201, 36, 151, 127, 59, 188, 116, 147, 187, 101, 25, 98, 60, 0, 129, 129, 63, 131, 197, 191, 187, 36, 151, 127, 187, 188, 116, 147, 187, 101, 25, 98, 60, 127, 127, 129, 63, 76, 182, 204, 201, 36, 151, 127, 59, 188, 116, 147, 187, 101, 25, 98, 60, 127, 127, 129, 63, 131, 197, 204, 201, 36, 151, 127, 187, 250, 237, 107, 186, 101, 25, 98, 60, 127, 127, 129, 63, 76, 182, 250, 202, 36, 151, 127, 59, 250, 237, 107, 186, 101, 25, 98, 60, 127, 127, 129, 63, 131, 197, 250, 202, 36, 151, 127, 187, 188, 116, 147, 187, 127, 175, 149, 186, 127, 0, 127, 127, 226, 73, 204, 201, 36, 151, 127, 187, 188, 116, 147, 187, 101, 25, 98, 60, 127, 0, 127, 127, 223, 63, 204, 201, 36, 151, 127, 187, 250, 237, 107, 186, 127, 175, 149, 186, 127, 0, 127, 127, 226, 73, 250, 202, 36, 151, 127, 187, 250, 237, 107, 186, 101, 25, 98, 60, 127, 0, 127, 127, 223, 63, 250, 202, 36, 151, 127, 59, 188, 116, 147, 187, 127, 175, 149, 186, 0, 0, 127, 63, 131, 69, 204, 201, 36, 151, 127, 187, 188, 116, 147, 187, 127, 175, 149, 186, 0, 0, 127, 63, 76, 54, 204, 201, 36, 151, 127, 59, 250, 237, 107, 186, 127, 175, 149, 186, 0, 0, 127, 63, 131, 69, 250, 202, 36, 151, 127, 187, 250, 237, 107, 186, 127, 175, 149, 186, 0, 0, 127, 63, 76, 54, 250, 202, 36, 151, 127, 59, 188, 116, 147, 187, 101, 25, 98, 60, 129, 0, 0, 63, 223, 191, 204, 201, 36, 151, 127, 59, 188, 116, 147, 187, 127, 175, 149, 186, 129, 0, 0, 63, 226, 201, 204, 201, 36, 151, 127, 59, 250, 237, 107, 186, 101, 25, 98, 60, 129, 0, 0, 63, 223, 191, 250, 202, 36, 151, 127, 59, 250, 237, 107, 186, 127, 175, 149, 186, 129, 0, 0, 63, 226, 201, 250, 202 ),
"array_index_data": PoolByteArray( 0, 0, 1, 0, 2, 0, 1, 0, 0, 0, 3, 0, 3, 0, 4, 0, 1, 0, 4, 0, 3, 0, 5, 0, 5, 0, 3, 0, 6, 0, 5, 0, 6, 0, 7, 0, 7, 0, 2, 0, 5, 0, 0, 0, 2, 0, 7, 0, 8, 0, 9, 0, 10, 0, 10, 0, 9, 0, 11, 0, 12, 0, 13, 0, 14, 0, 14, 0, 13, 0, 15, 0, 16, 0, 17, 0, 18, 0, 18, 0, 17, 0, 19, 0, 20, 0, 21, 0, 22, 0, 22, 0, 21, 0, 23, 0 ),
"blend_shape_data": [  ],
"format": 2194711,
"index_count": 48,
"material": ExtResource( 7 ),
"name": "Gray6",
"primitive": 4,
"skeleton_aabb": [  ],
"vertex_count": 24
}
surfaces/26 = {
"aabb": AABB( -0.0039, -0.0009, -0.00114201, 0.00781, 0.0096, 0.014952 ),
"array_data": PoolByteArray( 36, 151, 127, 59, 250, 237, 107, 186, 101, 25, 98, 60, 0, 129, 129, 63, 131, 197, 191, 187, 36, 151, 127, 59, 250, 237, 107, 186, 127, 175, 149, 186, 0, 129, 129, 63, 131, 197, 98, 201, 36, 151, 127, 187, 250, 237, 107, 186, 101, 25, 98, 60, 0, 129, 129, 63, 76, 182, 191, 187, 36, 151, 127, 187, 250, 237, 107, 186, 127, 175, 149, 186, 0, 129, 129, 63, 76, 182, 98, 201, 36, 151, 127, 187, 114, 138, 14, 60, 101, 25, 98, 60, 129, 0, 0, 63, 223, 191, 16, 205, 36, 151, 127, 187, 250, 237, 107, 59, 101, 25, 98, 60, 129, 0, 0, 63, 223, 191, 58, 204, 36, 151, 127, 187, 114, 138, 14, 60, 177, 124, 44, 58, 129, 0, 0, 63, 75, 201, 16, 205, 36, 151, 127, 187, 250, 237, 107, 59, 177, 124, 44, 58, 129, 0, 0, 63, 75, 201, 58, 204 ),
"array_index_data": PoolByteArray( 0, 0, 1, 0, 2, 0, 2, 0, 1, 0, 3, 0, 4, 0, 5, 0, 6, 0, 6, 0, 5, 0, 7, 0 ),
"blend_shape_data": [  ],
"format": 2194711,
"index_count": 12,
"material": ExtResource( 3 ),
"name": "Gray8",
"primitive": 4,
"skeleton_aabb": [  ],
"vertex_count": 8
}
surfaces/27 = {
"aabb": AABB( -0.0024, -0.0063, -0.00414201, 0.00481, 0.0054, 1.00001e-05 ),
"array_data": PoolByteArray( 82, 73, 29, 59, 59, 112, 206, 187, 179, 185, 135, 187, 127, 127, 129, 63, 135, 196, 53, 201, 82, 73, 29, 59, 250, 237, 107, 186, 179, 185, 135, 187, 127, 127, 129, 63, 135, 196, 250, 202, 82, 73, 29, 187, 59, 112, 206, 187, 179, 185, 135, 187, 127, 127, 129, 63, 131, 189, 53, 201, 82, 73, 29, 187, 250, 237, 107, 186, 179, 185, 135, 187, 127, 127, 129, 63, 131, 189, 250, 202 ),
"array_index_data": PoolByteArray( 0, 0, 1, 0, 2, 0, 2, 0, 1, 0, 3, 0 ),
"blend_shape_data": [  ],
"format": 2194711,
"index_count": 6,
"material": ExtResource( 5 ),
"name": "Gray5",
"primitive": 4,
"skeleton_aabb": [  ],
"vertex_count": 4
}
surfaces/28 = {
"aabb": AABB( -0.0039, -0.0009, -0.0102, 0.0015, 1e-05, 0.00785799 ),
"array_data": PoolByteArray( 36, 151, 127, 187, 250, 237, 107, 186, 231, 29, 39, 188, 0, 129, 129, 63, 76, 182, 45, 204, 82, 73, 29, 187, 250, 237, 107, 186, 104, 124, 25, 187, 0, 129, 129, 63, 131, 189, 199, 201, 82, 73, 29, 187, 250, 237, 107, 186, 179, 185, 135, 187, 0, 129, 129, 63, 131, 189, 94, 202 ),
"array_index_data": PoolByteArray( 0, 0, 1, 0, 2, 0 ),
"blend_shape_data": [  ],
"format": 2194711,
"index_count": 3,
"material": ExtResource( 7 ),
"name": "Gray6",
"primitive": 4,
"skeleton_aabb": [  ],
"vertex_count": 3
}
surfaces/29 = {
"aabb": AABB( -0.0039, -0.0195, -0.00114201, 0.00781, 0.01861, 0.014942 ),
"array_data": PoolByteArray( 36, 151, 127, 59, 250, 237, 107, 186, 127, 175, 149, 186, 127, 127, 129, 63, 131, 197, 250, 202, 36, 151, 127, 187, 250, 237, 107, 186, 127, 175, 149, 186, 127, 127, 129, 63, 76, 182, 250, 202, 36, 151, 127, 59, 119, 190, 159, 188, 127, 175, 149, 186, 127, 127, 129, 63, 131, 197, 6, 191, 36, 151, 127, 187, 119, 190, 159, 188, 127, 175, 149, 186, 127, 127, 129, 63, 76, 182, 6, 191, 208, 68, 88, 187, 250, 237, 107, 186, 242, 21, 14, 186, 0, 127, 127, 63, 76, 58, 48, 201, 36, 151, 127, 187, 250, 237, 107, 186, 127, 175, 149, 186, 0, 127, 127, 63, 76, 54, 98, 201, 36, 151, 127, 59, 250, 237, 107, 186, 127, 175, 149, 186, 0, 127, 127, 63, 131, 69, 98, 201, 208, 68, 88, 187, 250, 237, 107, 186, 208, 68, 88, 60, 0, 127, 127, 63, 76, 58, 114, 189, 36, 151, 127, 187, 250, 237, 107, 186, 37, 2, 80, 58, 0, 127, 127, 63, 76, 54, 192, 200, 36, 151, 127, 187, 250, 237, 107, 186, 223, 73, 81, 59, 0, 127, 126, 63, 76, 54, 237, 199, 36, 151, 127, 187, 250, 237, 107, 186, 22, 17, 168, 59, 0, 127, 126, 63, 76, 54, 168, 198, 36, 151, 127, 187, 250, 237, 107, 186, 191, 181, 246, 59, 0, 127, 127, 63, 76, 54, 21, 197, 36, 151, 127, 187, 250, 237, 107, 186, 253, 16, 27, 60, 0, 127, 127, 63, 76, 54, 160, 195, 36, 151, 127, 187, 250, 237, 107, 186, 82, 99, 66, 60, 0, 127, 127, 63, 76, 54, 122, 192, 36, 151, 127, 187, 250, 237, 107, 186, 101, 25, 98, 60, 0, 127, 127, 63, 76, 54, 191, 187, 36, 151, 127, 59, 250, 237, 107, 186, 101, 25, 98, 60, 0, 127, 127, 63, 131, 69, 191, 187, 36, 151, 127, 187, 250, 237, 107, 186, 101, 25, 98, 60, 0, 0, 127, 63, 76, 54, 250, 202, 36, 151, 127, 59, 250, 237, 107, 186, 101, 25, 98, 60, 0, 0, 127, 63, 131, 69, 250, 202, 36, 151, 127, 187, 218, 172, 122, 188, 101, 25, 98, 60, 0, 0, 127, 63, 76, 54, 131, 196, 36, 151, 127, 59, 218, 172, 122, 188, 101, 25, 98, 60, 0, 0, 127, 63, 131, 69, 131, 196, 36, 151, 127, 187, 71, 203, 129, 188, 82, 99, 66, 60, 129, 0, 0, 63, 122, 194, 39, 196, 36, 151, 127, 187, 250, 237, 107, 186, 82, 99, 66, 60, 129, 0, 0, 63, 122, 194, 250, 202, 36, 151, 127, 187, 218, 172, 122, 188, 101, 25, 98, 60, 129, 0, 0, 63, 223, 191, 131, 196, 36, 151, 127, 187, 250, 237, 107, 186, 101, 25, 98, 60, 129, 0, 0, 63, 223, 191, 250, 202 ),
"array_index_data": PoolByteArray( 0, 0, 1, 0, 2, 0, 2, 0, 1, 0, 3, 0, 4, 0, 5, 0, 6, 0, 5, 0, 4, 0, 7, 0, 7, 0, 8, 0, 5, 0, 7, 0, 9, 0, 8, 0, 7, 0, 10, 0, 9, 0, 7, 0, 11, 0, 10, 0, 7, 0, 12, 0, 11, 0, 7, 0, 13, 0, 12, 0, 7, 0, 14, 0, 13, 0, 14, 0, 7, 0, 15, 0, 16, 0, 17, 0, 18, 0, 18, 0, 17, 0, 19, 0, 20, 0, 21, 0, 22, 0, 22, 0, 21, 0, 23, 0 ),
"blend_shape_data": [  ],
"format": 2194711,
"index_count": 48,
"material": ExtResource( 3 ),
"name": "Gray8",
"primitive": 4,
"skeleton_aabb": [  ],
"vertex_count": 24
}
surfaces/30 = {
"aabb": AABB( -0.0039, -0.0165187, 0.0094645, 1.00001e-05, 0.0156287, 0.00241 ),
"array_data": PoolByteArray( 36, 151, 127, 187, 250, 237, 107, 186, 82, 99, 66, 60, 129, 0, 0, 63, 122, 194, 250, 202, 36, 151, 127, 187, 71, 203, 129, 188, 82, 99, 66, 60, 129, 0, 0, 63, 122, 194, 39, 196, 36, 151, 127, 187, 250, 237, 107, 186, 253, 16, 27, 60, 129, 0, 0, 63, 208, 196, 250, 202, 36, 151, 127, 187, 58, 82, 135, 188, 253, 16, 27, 60, 129, 0, 0, 63, 208, 196, 108, 195 ),
"array_index_data": PoolByteArray( 0, 0, 1, 0, 2, 0, 2, 0, 1, 0, 3, 0 ),
"blend_shape_data": [  ],
"format": 2194711,
"index_count": 6,
"material": ExtResource( 7 ),
"name": "Gray6",
"primitive": 4,
"skeleton_aabb": [  ],
"vertex_count": 4
}
surfaces/31 = {
"aabb": AABB( -0.0039, -0.0170627, 0.00752899, 1.00001e-05, 0.0161627, 0.00193551 ),
"array_data": PoolByteArray( 36, 151, 127, 187, 19, 199, 139, 188, 191, 181, 246, 59, 129, 0, 0, 63, 21, 198, 181, 194, 36, 151, 127, 187, 250, 237, 107, 186, 191, 181, 246, 59, 129, 0, 0, 63, 21, 198, 250, 202, 36, 151, 127, 187, 58, 82, 135, 188, 253, 16, 27, 60, 129, 0, 0, 63, 208, 196, 108, 195, 36, 151, 127, 187, 250, 237, 107, 186, 253, 16, 27, 60, 129, 0, 0, 63, 208, 196, 250, 202 ),
"array_index_data": PoolByteArray( 0, 0, 1, 0, 2, 0, 2, 0, 1, 0, 3, 0 ),
"blend_shape_data": [  ],
"format": 2194711,
"index_count": 6,
"material": ExtResource( 3 ),
"name": "Gray8",
"primitive": 4,
"skeleton_aabb": [  ],
"vertex_count": 4
}
surfaces/32 = {
"aabb": AABB( -0.0039, -0.0177373, 0.00512899, 1.00001e-05, 0.0168473, 0.00241 ),
"array_data": PoolByteArray( 36, 151, 127, 187, 250, 237, 107, 186, 191, 181, 246, 59, 129, 0, 0, 63, 21, 198, 250, 202, 36, 151, 127, 187, 19, 199, 139, 188, 191, 181, 246, 59, 129, 0, 0, 63, 21, 198, 181, 194, 36, 151, 127, 187, 250, 237, 107, 186, 22, 17, 168, 59, 129, 0, 0, 63, 168, 199, 250, 202, 36, 151, 127, 187, 208, 77, 145, 188, 22, 17, 168, 59, 129, 0, 0, 63, 168, 199, 211, 193 ),
"array_index_data": PoolByteArray( 0, 0, 1, 0, 2, 0, 2, 0, 1, 0, 3, 0 ),
"blend_shape_data": [  ],
"format": 2194711,
"index_count": 6,
"material": ExtResource( 7 ),
"name": "Gray6",
"primitive": 4,
"skeleton_aabb": [  ],
"vertex_count": 4
}
surfaces/33 = {
"aabb": AABB( -0.0039, -0.0182813, 0.00319349, 1.00001e-05, 0.0173813, 0.0019355 ),
"array_data": PoolByteArray( 36, 151, 127, 187, 170, 194, 149, 188, 223, 73, 81, 59, 129, 0, 0, 63, 118, 200, 28, 193, 36, 151, 127, 187, 250, 237, 107, 186, 223, 73, 81, 59, 129, 0, 0, 63, 118, 200, 250, 202, 36, 151, 127, 187, 208, 77, 145, 188, 22, 17, 168, 59, 129, 0, 0, 63, 168, 199, 211, 193, 36, 151, 127, 187, 250, 237, 107, 186, 22, 17, 168, 59, 129, 0, 0, 63, 168, 199, 250, 202 ),
"array_index_data": PoolByteArray( 0, 0, 1, 0, 2, 0, 2, 0, 1, 0, 3, 0 ),
"blend_shape_data": [  ],
"format": 2194711,
"index_count": 6,
"material": ExtResource( 3 ),
"name": "Gray8",
"primitive": 4,
"skeleton_aabb": [  ],
"vertex_count": 4
}
surfaces/34 = {
"aabb": AABB( -0.0039, -0.018956, 0.000793489, 1.00001e-05, 0.018066, 0.00241 ),
"array_data": PoolByteArray( 36, 151, 127, 187, 250, 237, 107, 186, 223, 73, 81, 59, 129, 0, 0, 63, 118, 200, 250, 202, 36, 151, 127, 187, 170, 194, 149, 188, 223, 73, 81, 59, 129, 0, 0, 63, 118, 200, 28, 193, 36, 151, 127, 187, 250, 237, 107, 186, 37, 2, 80, 58, 129, 0, 0, 63, 64, 201, 250, 202, 36, 151, 127, 187, 157, 73, 155, 188, 37, 2, 80, 58, 129, 0, 0, 63, 64, 201, 57, 192 ),
"array_index_data": PoolByteArray( 0, 0, 1, 0, 2, 0, 2, 0, 1, 0, 3, 0 ),
"blend_shape_data": [  ],
"format": 2194711,
"index_count": 6,
"material": ExtResource( 7 ),
"name": "Gray6",
"primitive": 4,
"skeleton_aabb": [  ],
"vertex_count": 4
}
surfaces/35 = {
"aabb": AABB( -0.0039, -0.0195, -0.00114201, 0.0078, 0.0186, 0.014942 ),
"array_data": PoolByteArray( 36, 151, 127, 187, 119, 190, 159, 188, 127, 175, 149, 186, 129, 0, 0, 63, 226, 201, 6, 191, 36, 151, 127, 187, 250, 237, 107, 186, 127, 175, 149, 186, 129, 0, 0, 63, 226, 201, 250, 202, 36, 151, 127, 187, 157, 73, 155, 188, 37, 2, 80, 58, 129, 0, 0, 63, 64, 201, 57, 192, 36, 151, 127, 187, 250, 237, 107, 186, 37, 2, 80, 58, 129, 0, 0, 63, 64, 201, 250, 202, 36, 151, 127, 187, 58, 82, 135, 188, 253, 16, 27, 60, 0, 157, 127, 193, 76, 54, 91, 68, 36, 151, 127, 187, 71, 203, 129, 188, 82, 99, 66, 60, 0, 157, 126, 63, 76, 54, 114, 65, 36, 151, 127, 187, 19, 199, 139, 188, 191, 181, 246, 59, 0, 157, 127, 193, 76, 54, 173, 69, 36, 151, 127, 187, 208, 77, 145, 188, 22, 17, 168, 59, 0, 157, 127, 193, 76, 54, 80, 71, 36, 151, 127, 187, 170, 194, 149, 188, 223, 73, 81, 59, 0, 157, 127, 193, 76, 54, 81, 72, 36, 151, 127, 187, 157, 73, 155, 188, 37, 2, 80, 58, 0, 157, 127, 193, 76, 54, 34, 73, 36, 151, 127, 187, 119, 190, 159, 188, 127, 175, 149, 186, 0, 157, 127, 63, 76, 54, 203, 73, 36, 151, 127, 59, 119, 190, 159, 188, 127, 175, 149, 186, 0, 157, 126, 63, 131, 69, 203, 73, 36, 151, 127, 59, 157, 73, 155, 188, 37, 2, 80, 58, 0, 157, 126, 63, 131, 69, 34, 73, 36, 151, 127, 59, 170, 194, 149, 188, 223, 73, 81, 59, 0, 157, 126, 63, 131, 69, 81, 72, 36, 151, 127, 59, 208, 77, 145, 188, 22, 17, 168, 59, 0, 157, 126, 63, 131, 69, 80, 71, 36, 151, 127, 59, 19, 199, 139, 188, 191, 181, 246, 59, 0, 157, 126, 63, 131, 69, 173, 69, 36, 151, 127, 59, 58, 82, 135, 188, 253, 16, 27, 60, 0, 157, 126, 63, 131, 69, 91, 68, 36, 151, 127, 59, 71, 203, 129, 188, 82, 99, 66, 60, 0, 157, 127, 63, 131, 69, 114, 65, 36, 151, 127, 59, 218, 172, 122, 188, 101, 25, 98, 60, 0, 157, 127, 63, 131, 69, 157, 61, 36, 151, 127, 187, 218, 172, 122, 188, 101, 25, 98, 60, 0, 157, 127, 63, 76, 54, 157, 61, 36, 151, 127, 59, 157, 73, 155, 188, 37, 2, 80, 58, 127, 0, 126, 127, 64, 73, 57, 192, 36, 151, 127, 59, 250, 237, 107, 186, 37, 2, 80, 58, 127, 0, 126, 127, 64, 73, 250, 202, 36, 151, 127, 59, 119, 190, 159, 188, 127, 175, 149, 186, 127, 0, 126, 127, 226, 73, 6, 191, 36, 151, 127, 59, 250, 237, 107, 186, 127, 175, 149, 186, 127, 0, 127, 127, 226, 73, 250, 202 ),
"array_index_data": PoolByteArray( 0, 0, 1, 0, 2, 0, 2, 0, 1, 0, 3, 0, 4, 0, 5, 0, 6, 0, 6, 0, 5, 0, 7, 0, 7, 0, 5, 0, 8, 0, 8, 0, 5, 0, 9, 0, 9, 0, 5, 0, 10, 0, 10, 0, 5, 0, 11, 0, 11, 0, 5, 0, 12, 0, 12, 0, 5, 0, 13, 0, 13, 0, 5, 0, 14, 0, 14, 0, 5, 0, 15, 0, 15, 0, 5, 0, 16, 0, 16, 0, 5, 0, 17, 0, 17, 0, 5, 0, 18, 0, 18, 0, 5, 0, 19, 0, 20, 0, 21, 0, 22, 0, 22, 0, 21, 0, 23, 0 ),
"blend_shape_data": [  ],
"format": 2194711,
"index_count": 54,
"material": ExtResource( 3 ),
"name": "Gray8",
"primitive": 4,
"skeleton_aabb": [  ],
"vertex_count": 24
}
surfaces/36 = {
"aabb": AABB( 0.0039, -0.018956, 0.000793489, 1.00001e-05, 0.018056, 0.00241 ),
"array_data": PoolByteArray( 36, 151, 127, 59, 170, 194, 149, 188, 223, 73, 81, 59, 127, 0, 126, 1, 118, 72, 28, 193, 36, 151, 127, 59, 250, 237, 107, 186, 223, 73, 81, 59, 127, 0, 126, 1, 118, 72, 250, 202, 36, 151, 127, 59, 157, 73, 155, 188, 37, 2, 80, 58, 127, 0, 126, 1, 64, 73, 57, 192, 36, 151, 127, 59, 250, 237, 107, 186, 37, 2, 80, 58, 127, 0, 127, 127, 64, 73, 250, 202 ),
"array_index_data": PoolByteArray( 0, 0, 1, 0, 2, 0, 2, 0, 1, 0, 3, 0 ),
"blend_shape_data": [  ],
"format": 2194711,
"index_count": 6,
"material": ExtResource( 7 ),
"name": "Gray6",
"primitive": 4,
"skeleton_aabb": [  ],
"vertex_count": 4
}
surfaces/37 = {
"aabb": AABB( 0.0039, -0.0182813, 0.00319349, 1.00001e-05, 0.0173813, 0.0019455 ),
"array_data": PoolByteArray( 36, 151, 127, 59, 208, 77, 145, 188, 22, 17, 168, 59, 127, 0, 126, 127, 168, 71, 211, 193, 36, 151, 127, 59, 250, 237, 107, 186, 22, 17, 168, 59, 127, 0, 126, 127, 168, 71, 250, 202, 36, 151, 127, 59, 170, 194, 149, 188, 223, 73, 81, 59, 127, 0, 126, 127, 118, 72, 28, 193, 36, 151, 127, 59, 250, 237, 107, 186, 223, 73, 81, 59, 127, 0, 127, 127, 118, 72, 250, 202 ),
"array_index_data": PoolByteArray( 0, 0, 1, 0, 2, 0, 2, 0, 1, 0, 3, 0 ),
"blend_shape_data": [  ],
"format": 2194711,
"index_count": 6,
"material": ExtResource( 3 ),
"name": "Gray8",
"primitive": 4,
"skeleton_aabb": [  ],
"vertex_count": 4
}
surfaces/38 = {
"aabb": AABB( 0.0039, -0.0177373, 0.00512899, 1.00001e-05, 0.0168373, 0.00241 ),
"array_data": PoolByteArray( 36, 151, 127, 59, 19, 199, 139, 188, 191, 181, 246, 59, 127, 0, 126, 127, 21, 70, 181, 194, 36, 151, 127, 59, 250, 237, 107, 186, 191, 181, 246, 59, 127, 0, 126, 127, 21, 70, 250, 202, 36, 151, 127, 59, 208, 77, 145, 188, 22, 17, 168, 59, 127, 0, 126, 127, 168, 71, 211, 193, 36, 151, 127, 59, 250, 237, 107, 186, 22, 17, 168, 59, 127, 0, 127, 127, 168, 71, 250, 202 ),
"array_index_data": PoolByteArray( 0, 0, 1, 0, 2, 0, 2, 0, 1, 0, 3, 0 ),
"blend_shape_data": [  ],
"format": 2194711,
"index_count": 6,
"material": ExtResource( 7 ),
"name": "Gray6",
"primitive": 4,
"skeleton_aabb": [  ],
"vertex_count": 4
}
surfaces/39 = {
"aabb": AABB( 0.0039, -0.0170627, 0.00752899, 1.00001e-05, 0.0161627, 0.00194551 ),
"array_data": PoolByteArray( 36, 151, 127, 59, 58, 82, 135, 188, 253, 16, 27, 60, 127, 0, 126, 127, 208, 68, 108, 195, 36, 151, 127, 59, 250, 237, 107, 186, 253, 16, 27, 60, 127, 0, 126, 127, 208, 68, 250, 202, 36, 151, 127, 59, 19, 199, 139, 188, 191, 181, 246, 59, 127, 0, 126, 127, 21, 70, 181, 194, 36, 151, 127, 59, 250, 237, 107, 186, 191, 181, 246, 59, 127, 0, 127, 127, 21, 70, 250, 202 ),
"array_index_data": PoolByteArray( 0, 0, 1, 0, 2, 0, 2, 0, 1, 0, 3, 0 ),
"blend_shape_data": [  ],
"format": 2194711,
"index_count": 6,
"material": ExtResource( 3 ),
"name": "Gray8",
"primitive": 4,
"skeleton_aabb": [  ],
"vertex_count": 4
}
surfaces/40 = {
"aabb": AABB( 0.0039, -0.0165187, 0.0094645, 1.00001e-05, 0.0156187, 0.00241 ),
"array_data": PoolByteArray( 36, 151, 127, 59, 71, 203, 129, 188, 82, 99, 66, 60, 127, 0, 126, 1, 122, 66, 39, 196, 36, 151, 127, 59, 250, 237, 107, 186, 82, 99, 66, 60, 127, 0, 126, 1, 122, 66, 250, 202, 36, 151, 127, 59, 58, 82, 135, 188, 253, 16, 27, 60, 127, 0, 126, 1, 208, 68, 108, 195, 36, 151, 127, 59, 250, 237, 107, 186, 253, 16, 27, 60, 127, 0, 127, 127, 208, 68, 250, 202 ),
"array_index_data": PoolByteArray( 0, 0, 1, 0, 2, 0, 2, 0, 1, 0, 3, 0 ),
"blend_shape_data": [  ],
"format": 2194711,
"index_count": 6,
"material": ExtResource( 7 ),
"name": "Gray6",
"primitive": 4,
"skeleton_aabb": [  ],
"vertex_count": 4
}
surfaces/41 = {
"aabb": AABB( -0.0033, -0.015844, -0.00114201, 0.00721, 0.014944, 0.014952 ),
"array_data": PoolByteArray( 36, 151, 127, 59, 218, 172, 122, 188, 101, 25, 98, 60, 127, 0, 126, 127, 223, 63, 131, 196, 36, 151, 127, 59, 250, 237, 107, 186, 101, 25, 98, 60, 127, 0, 126, 127, 223, 63, 250, 202, 36, 151, 127, 59, 71, 203, 129, 188, 82, 99, 66, 60, 127, 0, 126, 127, 122, 66, 39, 196, 36, 151, 127, 59, 250, 237, 107, 186, 82, 99, 66, 60, 127, 0, 127, 127, 122, 66, 250, 202, 36, 151, 127, 59, 250, 237, 107, 186, 101, 25, 98, 60, 0, 127, 126, 63, 131, 69, 191, 187, 36, 151, 127, 59, 250, 237, 107, 186, 127, 175, 149, 186, 0, 127, 126, 63, 131, 69, 98, 201, 36, 151, 127, 59, 250, 237, 107, 186, 82, 99, 66, 60, 0, 127, 127, 63, 131, 69, 122, 192, 208, 68, 88, 59, 250, 237, 107, 186, 242, 21, 14, 186, 0, 127, 126, 63, 30, 69, 48, 201, 208, 68, 88, 187, 250, 237, 107, 186, 242, 21, 14, 186, 0, 127, 127, 63, 76, 58, 48, 201, 208, 68, 88, 187, 250, 237, 107, 186, 242, 21, 14, 186, 0, 0, 127, 63, 76, 58, 250, 202, 208, 68, 88, 59, 250, 237, 107, 186, 242, 21, 14, 186, 0, 0, 127, 63, 30, 69, 250, 202, 208, 68, 88, 187, 166, 155, 196, 186, 242, 21, 14, 186, 0, 0, 127, 63, 76, 58, 200, 202, 208, 68, 88, 59, 166, 155, 196, 186, 242, 21, 14, 186, 0, 0, 127, 63, 30, 69, 200, 202, 208, 68, 88, 187, 250, 237, 107, 186, 208, 68, 88, 60, 127, 0, 127, 127, 185, 64, 250, 202, 208, 68, 88, 187, 250, 237, 107, 186, 242, 21, 14, 186, 127, 0, 127, 127, 176, 73, 250, 202, 208, 68, 88, 187, 166, 155, 196, 186, 208, 68, 88, 60, 127, 0, 127, 127, 185, 64, 200, 202, 208, 68, 88, 187, 166, 155, 196, 186, 242, 21, 14, 186, 127, 0, 127, 127, 176, 73, 200, 202, 208, 68, 88, 59, 250, 237, 107, 186, 208, 68, 88, 60, 127, 127, 129, 63, 30, 197, 250, 202, 208, 68, 88, 187, 250, 237, 107, 186, 208, 68, 88, 60, 127, 127, 129, 63, 76, 186, 250, 202, 208, 68, 88, 59, 166, 155, 196, 186, 208, 68, 88, 60, 127, 127, 129, 63, 30, 197, 200, 202, 208, 68, 88, 187, 166, 155, 196, 186, 208, 68, 88, 60, 127, 127, 129, 63, 76, 186, 200, 202, 208, 68, 88, 187, 250, 237, 107, 186, 208, 68, 88, 60, 0, 127, 127, 63, 76, 58, 114, 189, 208, 68, 88, 59, 250, 237, 107, 186, 208, 68, 88, 60, 0, 127, 126, 63, 30, 69, 114, 189, 208, 68, 88, 59, 250, 237, 107, 186, 242, 21, 14, 186, 129, 0, 0, 63, 176, 201, 250, 202, 208, 68, 88, 59, 250, 237, 107, 186, 208, 68, 88, 60, 129, 0, 0, 63, 185, 192, 250, 202, 208, 68, 88, 59, 166, 155, 196, 186, 242, 21, 14, 186, 129, 0, 0, 63, 176, 201, 200, 202, 208, 68, 88, 59, 166, 155, 196, 186, 208, 68, 88, 60, 129, 0, 0, 63, 185, 192, 200, 202 ),
"array_index_data": PoolByteArray( 0, 0, 1, 0, 2, 0, 2, 0, 1, 0, 3, 0, 4, 0, 5, 0, 6, 0, 7, 0, 5, 0, 4, 0, 8, 0, 5, 0, 7, 0, 9, 0, 10, 0, 11, 0, 11, 0, 10, 0, 12, 0, 13, 0, 14, 0, 15, 0, 15, 0, 14, 0, 16, 0, 17, 0, 18, 0, 19, 0, 19, 0, 18, 0, 20, 0, 4, 0, 21, 0, 22, 0, 4, 0, 22, 0, 7, 0, 23, 0, 24, 0, 25, 0, 25, 0, 24, 0, 26, 0 ),
"blend_shape_data": [  ],
"format": 2194711,
"index_count": 45,
"material": ExtResource( 3 ),
"name": "Gray8",
"primitive": 4,
"skeleton_aabb": [  ],
"vertex_count": 27
}
surfaces/42 = {
"aabb": AABB( -0.0033, -0.0015, -0.000542014, 0.0066, 9.99996e-06, 0.013752 ),
"array_data": PoolByteArray( 208, 68, 88, 187, 166, 155, 196, 186, 208, 68, 88, 60, 0, 127, 127, 63, 76, 58, 114, 189, 208, 68, 88, 187, 166, 155, 196, 186, 242, 21, 14, 186, 0, 127, 127, 63, 76, 58, 48, 201, 208, 68, 88, 59, 166, 155, 196, 186, 208, 68, 88, 60, 0, 127, 127, 63, 30, 69, 114, 189, 208, 68, 88, 59, 166, 155, 196, 186, 242, 21, 14, 186, 0, 127, 127, 63, 30, 69, 48, 201 ),
"array_index_data": PoolByteArray( 0, 0, 1, 0, 2, 0, 2, 0, 1, 0, 3, 0 ),
"blend_shape_data": [  ],
"format": 2194711,
"index_count": 6,
"material": ExtResource( 7 ),
"name": "Gray6",
"primitive": 4,
"skeleton_aabb": [  ],
"vertex_count": 4
}
surfaces/43 = {
"aabb": AABB( 0.0039, -0.0009, -0.00114201, 1.00001e-05, 1e-05, 0.0130165 ),
"array_data": PoolByteArray( 36, 151, 127, 59, 250, 237, 107, 186, 82, 99, 66, 60, 0, 127, 127, 63, 131, 69, 122, 192, 36, 151, 127, 59, 250, 237, 107, 186, 127, 175, 149, 186, 0, 127, 127, 63, 131, 69, 98, 201, 36, 151, 127, 59, 250, 237, 107, 186, 253, 16, 27, 60, 0, 127, 127, 63, 131, 69, 160, 195, 36, 151, 127, 59, 250, 237, 107, 186, 191, 181, 246, 59, 0, 127, 127, 63, 131, 69, 21, 197, 36, 151, 127, 59, 250, 237, 107, 186, 22, 17, 168, 59, 0, 127, 127, 63, 131, 69, 168, 198, 36, 151, 127, 59, 250, 237, 107, 186, 223, 73, 81, 59, 0, 127, 127, 63, 131, 69, 237, 199, 36, 151, 127, 59, 250, 237, 107, 186, 37, 2, 80, 58, 0, 127, 127, 63, 131, 69, 192, 200 ),
"array_index_data": PoolByteArray( 0, 0, 1, 0, 2, 0, 2, 0, 1, 0, 3, 0, 3, 0, 1, 0, 4, 0, 4, 0, 1, 0, 5, 0, 5, 0, 1, 0, 6, 0 ),
"blend_shape_data": [  ],
"format": 2194711,
"index_count": 15,
"material": ExtResource( 3 ),
"name": "Gray8",
"primitive": 4,
"skeleton_aabb": [  ],
"vertex_count": 7
}
